Wed Aug 21 11:31:14 HST 2019
5928.842509 1458.312205
5882.564220 1377.555145
5835.968632 1296.915915
5803.076148 1421.488000
5789.462516 1216.538868
5756.433366 1340.721956
5743.150548 1136.303814
5723.253990 1465.582329
5710.012016 1260.151278
5696.445219 1056.288951
5676.591457 1384.705220
5663.552869 1179.792067
5630.226435 1303.998786
5617.014798 1099.529629
5596.468372 1428.974319
5583.680893 1223.498942
5550.161457 1348.078472
5537.102000 1143.249039
5516.194997 1473.402447
5503.566785 1267.513093
5469.674228 1392.477866
5456.988482 1187.058964
5423.236130 1311.748278
5388.985536 1436.965793
5376.579100 1231.054683
5342.763466 1356.016796
5308.178516 1481.644220
5296.000980 1275.470611
5261.619877 1400.729501
5215.245492 1319.922620
5180.506028 1445.511020
5134.156037 1364.642410
5052.743579 1409.449544
4971.475739 1454.555405
5928.848779 1458.316981
3016.087840 2772.487304
3006.285358 2562.633148
2980.784760 2900.636800
2970.838574 2690.757875
2935.495245 2818.775105
2925.393111 2608.950387
2890.282384 2736.994534
2855.104340 2864.923107
2844.942042 2655.209733
2809.976352 2783.223413
2774.990947 2910.999537
2764.727827 2701.516948
2729.907093 2829.349656
2684.807255 2747.675738
2650.124525 2875.343251
2605.116252 2793.761792
2570.652820 2921.246001
2525.870397 2839.779549
2446.926556 2885.690831
2368.078181 2931.446100
6012.961193 2161.856610
6011.583760 2918.047169
6009.004274 2865.590782
6006.510853 2813.140221
6000.182783 2897.590037
6001.143507 2708.232187
6000.848677 1953.425760
5997.651650 2845.141513
5991.476789 2929.611923
5990.324264 2498.483735
5988.812284 2877.107062
5988.217086 1745.799459
5986.414384 2824.678336
5980.066404 2909.100509
5978.967830 2289.031521
5977.600150 2856.698773
5975.275001 1539.266620
5968.704077 2888.677146
5967.158879 2080.112492
5966.239023 2836.205169
5959.943243 2920.694277
5957.322333 2868.217434
5955.601936 2626.313384
5954.871761 1871.873026
5948.496073 2900.212924
5946.118539 2847.756158
5944.412795 2416.566123
5942.068162 1664.547560
5939.777486 2932.237930
5937.241203 2879.768222
5932.878898 2207.155171
5928.359685 2911.786017
5928.846086 1458.308738
5925.803001 2859.294581
5920.549763 2754.255691
5920.988380 1998.431315
5916.973796 2891.315536
5909.838864 2544.287393
5908.188058 2923.339016
5908.491973 1790.418830
5905.759517 2870.847617
5898.677266 2334.620333
5896.872743 2902.873890
5895.711660 1583.413940
5887.043424 2125.382202
5885.435827 2882.400133
5876.593372 2914.434102
5874.923922 1916.802182
5875.037886 2672.327894
5865.322112 2893.948660
5864.011566 2462.302425
5862.390458 1709.064866
5856.433492 2925.977539
5852.538044 2252.629548
5849.468641 1502.391862
5845.034114 2905.517605
5840.793959 2043.549607
5839.884941 2800.389695
5829.056766 2590.204302
5828.490556 1835.195022
5824.837220 2917.065077
5818.175290 2380.260600
5815.956567 1627.789800
5806.637998 2170.728099
5804.503557 2928.635672
5803.077398 1421.484140
5794.736539 1961.792986
5794.216220 2718.342667
5783.335084 2508.144985
5782.398372 1753.699069
5771.998310 2298.283916
5769.680710 1546.613250
5760.324585 2088.816509
5758.985623 2846.644740
5748.243914 2636.297971
5748.279122 1880.090954
5737.335539 2426.071831
5735.924699 1672.344204
5725.893066 2216.276980
5723.255649 1465.580272
5714.272466 2007.004722
5713.116640 2764.513367
5702.366648 2554.163809
5702.086228 1798.561688
5691.246780 2343.965425
5689.647846 1591.018916
5679.741031 2134.315538
5677.697308 2892.870146
5667.250598 2682.375477
5667.827940 1925.262206
5656.253077 2472.004231
5655.661681 1717.057759
5644.909960 2261.882922
5643.164268 1509.984805
5633.520584 2052.413059
5631.859346 2810.739692
5621.393182 1843.633745
5621.068756 2600.215953
5610.251323 2389.847507
5609.220544 1635.751519
5598.885991 2179.904456
5596.470614 1428.972397
5587.160911 1970.532691
5585.963252 2728.603900
5575.136979 2518.046050
5575.198378 1762.045344
5563.914959 2307.724358
5562.807508 1554.500090
5552.463749 2097.913461
5550.517514 2857.050812
5540.619940 1888.759440
5539.814399 2646.373833
5528.875059 2435.837245
5528.594402 1680.544955
5517.582983 2225.643542
5516.196858 1473.399915
5506.228572 2015.964281
5504.319701 2774.805667
5493.599435 2564.094187
5494.319464 1807.142319
5482.715232 2353.655544
5482.248675 1599.201950
5471.340259 2143.560738
5468.782545 2903.373332
5459.665694 1934.105160
5458.339011 2692.591449
5447.487374 2481.852789
5447.802492 1725.554154
5436.220296 2271.452597
5435.611958 1518.006600
5424.910131 2061.565535
5422.862941 2821.114871
5413.114719 1852.408514
5412.032411 2610.290536
5401.319346 1644.131500
5401.127922 2399.622825
5389.962462 2189.345071
5388.987644 1436.964854
5378.553315 1979.535142
5376.538357 2738.837295
5366.886987 1770.744905
5365.816776 2528.009953
5354.898797 2317.441948
5354.878342 1562.783514
5343.564170 2107.258878
5340.892799 2867.575062
5331.981724 1897.758720
5330.432306 2656.575306
5320.199514 1689.148687
5319.544854 2445.723023
5308.287580 2235.222515
5308.180275 1481.644708
5297.099639 2025.264983
5294.843184 2785.217854
5285.374291 1815.998612
5283.978828 2574.186075
5273.833126 1607.854520
5273.124208 2363.454173
5261.954107 2153.069965
5261.623778 1400.728970
5259.084379 2914.013420
5250.654312 1943.334705
5248.392882 2702.810111
5239.094903 1734.513374
5237.628759 2491.853309
5227.206228 1526.577378
5226.785257 2281.185618
5215.513608 2071.001292
5212.707067 2831.624671
5203.997332 1861.523834
5202.208513 2620.470521
5192.399681 1652.951878
5191.310477 2409.553934
5180.509058 1445.510941
5180.156998 2199.015897
5169.024052 1989.020462
5166.523009 2749.220418
5157.440234 1779.827935
5155.718319 2538.082825
5146.052796 1571.670743
5144.797534 2327.271810
5133.671032 2116.846318
5130.749609 2878.071215
5122.593882 1907.128318
5120.057945 2666.799600
5111.114078 1698.259366
5109.253334 2455.746171
5099.427705 1490.484557
5098.432387 2245.012639
5087.261063 2034.799388
5084.274033 2795.640253
5075.855017 1825.340331
5073.825168 2584.467470
5064.424005 1616.820698
5062.958681 2373.445839
5052.745470 1409.449531
5051.830562 2162.814266
5048.414941 2924.543220
5040.657068 1952.813473
5037.965908 2713.214691
5029.284020 1743.701589
5027.248266 2502.036787
5018.078948 1535.585271
5016.282731 2291.082883
5005.214858 2080.713916
5002.179018 2842.110659
4994.319662 1871.008214
4991.522406 2630.778298
4982.985051 1662.253532
4980.671301 2419.650304
4971.478043 1454.554260
4969.910870 2208.915683
4958.907753 1998.655543
4955.707828 2759.653562
4947.628867 1789.307190
4944.963666 2548.332440
4936.344799 1580.929560
4934.268446 2337.357304
4923.322798 2126.723951
4919.815008 2888.640913
4912.261171 1916.760830
4909.176612 2677.205749
4900.994181 1707.713255
4898.587145 2465.943092
4890.047329 1499.689188
4887.695681 2255.024574
4876.699276 2044.651717
4873.408483 2806.161379
4865.835790 1835.010252
4862.834974 2594.752329
4854.754341 1626.363402
4851.999506 2383.585006
4841.178129 2172.802444
4830.340779 1962.715099
4826.978027 2723.670133
4819.302249 1753.413017
4816.175440 2512.285125
4808.130504 1545.094266
4805.432355 2301.195235
4794.715918 2090.718351
4791.046793 2852.685882
4783.781202 1880.832467
4780.323179 2641.079237
4772.712215 1671.883150
4769.781511 2429.907849
4759.062438 2219.010083
4748.101261 2008.645678
4744.454262 2770.131718
4737.259137 1799.088005
4733.840229 2558.661071
4726.416462 1590.554638
4723.255950 2347.557691
4712.356056 2136.777051
4708.440746 2899.164584
4701.624417 1926.766369
4698.121815 2687.625868
4690.911099 1717.607773
4687.387056 2476.298063
4676.606211 2265.226428
4665.986043 2054.761964
4662.068785 2816.724607
4655.274702 1844.989107
4651.453209 2605.114448
4644.318132 1636.154834
4640.812033 2393.903584
4630.241411 2183.035066
4619.485103 1972.810743
4615.604498 2734.210315
4608.718006 1763.358183
4604.835909 2522.703738
4594.391820 2311.632904
4583.671660 2100.879091
4579.572616 2863.205201
4572.970213 1891.009050
4569.039186 2651.655368
4562.455241 1681.915856
4558.488930 2440.331864
4547.836162 2229.308128
4537.183480 2018.899954
4532.944110 2780.664217
4526.750988 1809.289655
4522.526719 2569.165922
4511.893944 2357.930010
4501.253047 2147.103492
4496.998056 2909.743605
4490.847768 1937.032239
4486.647654 2698.164563
4480.200264 1727.753551
4475.915354 2486.709278
4465.449774 2275.650539
4454.978657 2065.133746
4450.569368 2827.225212
4444.364501 1855.307459
4439.976755 2615.628484
4429.359716 2404.307579
4419.059549 2193.441431
4408.410682 1983.195354
4403.985116 2744.665523
4398.146423 1773.718870
4393.519982 2533.149190
4383.075599 2322.046220
4372.449299 2111.333798
4367.939980 2873.678068
4362.220013 1901.382779
4357.496869 2662.159458
4347.056053 2450.786682
4336.538130 2239.784411
4326.183923 2029.418150
4321.472910 2791.220203
4315.864026 1819.706741
4311.088053 2579.650758
4300.449912 2368.465681
4290.280524 2157.695874
4285.446889 2920.263234
4279.871813 1947.581234
4275.068674 2708.708794
4264.443683 2497.280291
4254.163310 2286.240507
4243.803414 2075.656800
4239.029316 2837.800061
4233.727156 1865.926555
4228.445243 2626.192129
4218.166894 2414.990097
4207.784920 2204.064743
4197.480537 1993.841509
4192.419865 2755.245775
4182.096973 2543.785995
4171.699540 2332.693776
4161.530114 2122.087046
4156.456576 2884.256452
4151.407330 1912.119185
4146.163072 2672.745179
4135.618616 2461.469545
4125.332484 2250.524764
4115.263978 2040.149497
4110.048573 2801.730870
4099.660258 2590.286943
4089.306311 2379.145995
4079.188664 2168.471944
4074.222649 2930.734509
4068.965367 1958.394143
4063.623889 2719.274765
4053.145266 2507.889206
4043.094499 2296.985264
4032.924565 2086.523234
4027.637534 2848.253674
4017.278306 2636.840053
4007.069567 2425.689288
3996.731879 2214.870284
3986.889676 2004.740887
3981.138822 2765.795104
3970.966055 2554.528058
3960.667930 2343.499713
3950.794613 2132.955063
3945.402867 2894.756281
3934.994159 2683.433404
3924.508781 2472.212497
3914.620838 2261.428846
3904.526306 2051.092994
3899.014023 2812.295270
3888.590137 2601.028027
3878.480929 2390.011691
3868.361513 2179.410133
3852.550067 2729.914295
3851.574960 2920.602303
3842.458103 2518.786019
3839.958555 2899.963593
3832.251128 2307.908959
3831.078100 2932.213744
3828.303217 2879.401141
3822.521618 2097.621806
3819.419189 2911.612699
3816.758836 2858.796688
3807.815007 2890.994804
3806.479061 2647.625982
3798.952110 2923.229717
3796.165536 2870.387958
3796.149987 2436.520671
3787.294504 2902.622810
3786.378916 2225.937320
3775.725274 2882.023450
3770.576267 2776.417783
3766.859325 2914.232455
3760.159425 2565.270211
3755.225769 2893.642179
3750.167194 2354.461476
3746.349213 2925.852863
3740.232985 2144.093219
3734.759360 2905.265225
3724.171936 2694.056492
3714.247187 2916.842918
3714.164624 2483.101693
3704.117069 2272.426389
3693.643012 2928.469267
3688.358988 2822.863520
3678.156728 2611.813578
3668.049650 2400.944195
3658.361844 2190.612651
3642.319977 2740.552008
3632.021106 2529.587423
3622.151350 2318.962172
3606.484167 2869.330946
3596.068292 2658.263154
3586.173538 2447.532344
3576.228717 2237.073424
3560.291216 2787.027356
3550.141926 2576.157808
3540.133304 2365.486123
3524.526596 2915.694680
3514.376179 2704.771264
3504.147826 2494.052601
3494.492642 2283.639334
3478.618849 2833.492088
3468.219859 2622.606914
3458.485124 2412.075301
3432.496283 2751.222677
3422.507148 2540.551338
3412.600073 2330.171440
3396.808611 2879.795265
3386.756432 2669.073393
3376.647673 2458.590637
3351.084065 2797.656411
3340.736992 2587.006287
3331.138508 2376.744713
3315.417002 2926.075426
3305.128217 2715.514545
3295.182257 2505.077149
3269.452015 2843.969740
3259.413076 2633.512219
3249.594467 2423.241910
3223.773197 2761.882780
3213.703829 2551.511530
3188.229393 2890.231733
3178.177022 2679.887672
3168.194726 2469.689465
3142.689223 2808.206733
3132.467627 2597.939555
3097.033378 2726.231021
3087.197143 2516.166179
3061.564161 2854.454249
3051.536047 2644.322076
3016.088538 2772.481713
3006.285464 2562.627652
2980.784287 2900.631028
2970.837795 2690.751278
6744.579400 2921.841634
6700.639357 2840.834125
6656.577834 2759.720357
6622.749632 2886.582042
6612.252045 2678.487696
6578.516008 2805.343253
6567.787166 2597.168722
6544.134452 2932.397492
6533.990191 2724.032603
6523.139699 2515.817542
6499.828868 2851.117854
6489.363439 2642.676644
6478.249309 2434.433251
6455.316915 2769.772894
6444.397037 2561.191314
6433.182170 2352.904068
6420.793838 2896.987187
6410.625998 2688.283214
6399.522217 2479.651186
6387.898368 2271.402503
6376.153839 2815.573204
6365.527639 2606.753190
6354.445012 2398.142383
6342.628996 2189.841838
6331.367480 2734.010894
6320.461965 2525.087844
6308.928956 2316.499401
6296.983176 2108.340187
6296.786200 2861.488787
6286.390793 2652.404074
6275.268778 2443.469948
6263.604336 2234.881671
6251.831006 2779.884860
6251.380198 2026.866095
6241.171696 2570.764161
6229.727813 2361.794428
6228.266176 2927.881755
6217.111601 2907.516929
6218.114206 2153.286353
6206.806439 2698.218880
6205.867265 2887.089178
6205.463729 1945.450971
6197.034236 2919.020639
6195.778549 2488.951313
6194.674468 2866.694552
6185.960861 2898.672743
6184.216003 2280.098193
6183.316546 2846.280083
6177.123206 2930.570180
6174.680542 2878.204311
6171.992850 2825.847705
6172.169783 2071.724323
6165.849705 2910.142058
6163.314560 2857.789682
6161.470073 2616.447290
6160.685797 2805.433730
6159.707104 1864.019889
6154.639915 2889.753314
6151.995707 2837.395138
6150.310719 2407.202631
6149.325784 2784.969220
6145.968226 2921.708683
6143.323659 2869.295806
6140.611877 2816.920018
6138.715794 2198.420433
6138.203737 2764.570109
6134.678434 2901.260690
6131.992562 2848.873386
6129.457446 2796.526012
6126.887896 2744.105371
6126.489683 1990.124350
6125.842617 2933.195488
6123.329692 2880.806529
6120.656460 2828.442693
6118.150339 2776.027587
6115.935852 2534.627034
6114.649118 2912.789603
6113.791636 1782.701425
6111.985382 2860.372518
6109.316537 2807.955755
6106.846792 2755.598426
6104.549489 2325.425510
6103.308794 2892.344543
6100.611481 2839.911033
6098.183062 2787.556225
6094.554409 2924.346579
6092.675630 2116.602567
6091.941814 2871.889107
6089.417711 2819.525440
6086.875053 2767.074008
6083.228050 2903.887448
6081.463960 2662.288864
6080.542185 2851.455191
6080.364706 1908.595414
6078.247904 2799.087464
6071.869823 2883.464022
6070.520876 2452.790609
6069.186743 2830.992511
6067.552216 1701.456491
6066.869789 2778.659227
6063.176256 2915.459031
6060.438300 2862.963944
6058.989014 2243.684962
6058.052775 2810.589389
6051.769552 2894.977533
6049.191570 2842.567981
6046.706461 2790.129182
6046.997555 2034.998561
6043.089718 2926.990086
6040.368710 2874.536527
6037.854779 2822.099732
6035.906663 2580.395328
6034.552925 1827.194891
6031.692083 2906.528933
6029.012640 2854.043767
6026.582491 2801.684733
6024.649284 2370.891058
6021.301061 1620.287975
6020.263178 2886.029767
6017.863191 2833.657283
6012.956772 2161.868821
6011.580389 2918.055278
6009.001660 2865.610678
6006.510276 2813.150929
6000.172169 2897.606843
6001.134471 2708.238322
6000.836503 1953.443261
5997.643502 2845.148482
5991.469951 2929.629951
5990.319100 2498.508697
5988.812129 2877.115045
5988.207292 1745.804739
5986.405951 2824.696919
5980.062960 2909.110968
5978.966518 2289.043580
5977.592260 2856.715778
5975.264165 1539.282913
5968.695245 2888.692969
5967.150804 2080.111285
5966.231321 2836.215486
5959.942449 2920.712766
5957.306384 2868.224140
5955.595259 2626.327691
5954.866717 1871.881614
5948.486219 2900.221112
5946.115870 2847.773153
5944.393491 2416.581922
5942.064868 1664.563452
5939.775835 2932.247118
5937.232464 2879.782247
5932.872922 2207.162977
5928.830612 1458.324615
3026.547560 2982.596577
3026.100439 3738.636406
3018.089962 4278.844343
3014.101335 3529.812960
3004.836217 4072.590098
3002.656327 3320.439901
2992.131818 3865.196385
2991.536058 3110.618168
2980.788614 2900.645674
2979.916308 3656.923650
2971.735124 4197.942352
2968.081455 3447.868642
2958.716741 3991.308264
2956.684696 3238.482946
2946.164133 3783.660561
2945.991154 3028.665435
2933.945647 3575.177831
2925.362638 4116.899181
2922.356233 3366.031881
2912.374226 3909.939327
2911.173943 3156.512448
2900.316411 2946.698795
2900.031874 3702.009827
2888.028707 3493.393355
2879.278980 4035.751921
2876.459317 3284.124078
2866.471231 3828.540097
2865.620095 3074.614311
2855.099923 2864.923338
2854.146104 3620.362434
2842.379548 3411.598030
2833.118522 3954.506533
2831.042152 3202.300364
2820.381456 3746.974665
2820.080049 2992.730336
2808.236294 3538.654231
2796.524627 3329.724442
2787.145141 3873.096833
2785.588936 3120.468063
2774.664695 3665.400527
2774.994665 2911.001630
2762.689974 3456.954651
2751.192525 3247.922415
2741.115509 3791.726520
2740.121667 3038.678987
2728.814998 3583.786079
2716.959345 3375.201578
2705.870452 3166.197234
2695.409175 3710.255554
2695.088321 2956.947344
2683.232472 3502.119866
2671.627888 3293.549770
2660.459025 3084.524716
2649.824529 3628.781550
2650.119241 2875.348876
2637.694964 3420.549253
2626.406386 3211.818585
2615.507730 3002.834579
2604.124952 3547.210094
2592.293831 3338.895891
2581.073678 3130.103059
2570.650696 2921.250093
2558.865117 3465.704114
2547.197465 3257.314174
2536.184818 3048.590145
2513.538675 3384.126524
2502.178348 3175.719711
2491.414262 2967.090996
2468.300181 3302.664547
2457.317703 3094.242246
2446.932220 2885.694745
2423.513835 3221.123449
2412.508924 3012.753717
2378.921706 3139.854829
2368.071342 2931.452152
2334.218449 3058.423721
2289.975605 2977.126771
6016.563512 3022.959535
6015.416574 3453.465321
6015.157943 3212.189749
6014.148548 2970.526574
6013.052956 3401.147890
6012.598664 3159.780457
6012.052750 3881.600678
6011.582429 2918.049091
6010.909649 3348.882847
6010.350907 3107.430307
6008.443887 3296.532431
6009.002925 2865.594915
6007.789777 3054.967615
6006.206182 3244.186058
6005.227257 3002.534140
6004.143676 3433.105389
6003.886555 3673.781063
6003.787107 3191.782079
6002.885095 2950.079485
6002.012014 3380.834689
6001.433203 3139.426229
6000.178924 2897.593496
5999.612458 3328.518241
5999.039180 3086.975909
5997.181461 3276.176851
5996.400437 3034.529476
5995.254872 3465.049113
5994.983506 3223.807426
5994.056055 2982.068090
5992.988963 3412.765794
5992.426475 3171.368574
5991.474105 2929.615077
5990.781711 3360.529156
5990.131531 3118.984600
5988.811797 2877.108932
5988.287871 3308.128884
5987.642539 3066.543752
5986.102891 3255.832823
5985.155680 3014.068322
5983.998565 3444.728424
5983.614813 3203.403635
5983.060316 4214.709025
5982.729086 2961.650735
5981.730395 3392.444859
5981.109719 3150.968397
5979.440532 3340.112014
5980.065236 2909.103812
5978.878829 3098.568919
5977.597148 2856.702278
5977.107791 3287.809282
5976.253023 3046.054477
5975.662139 4008.503853
5975.098529 3476.684009
5974.818272 3235.432555
5973.792095 2993.648732
5972.702838 3424.375481
5972.259748 3182.966746
5971.325384 2941.190250
5970.592721 3372.114289
5970.005536 3130.586596
5968.142570 3319.743112
5968.700339 2888.680329
5967.732918 3801.089889
5967.478113 3078.084195
5965.839683 3267.449287
5964.884719 3025.611951
5963.811099 3456.372189
5963.470703 3214.996366
5962.554682 2973.202080
5961.607880 3404.051661
5961.057271 3162.563134
5959.262949 3592.791940
5959.302620 3351.758469
5959.942450 2920.698116
5958.698581 3110.109849
5957.316887 2868.218895
5956.843122 3299.376755
5956.084810 3057.647474
5954.884141 3488.330153
5954.646831 3247.021951
5953.747251 3005.183800
5952.537450 3436.014238
5952.133587 3194.587707
5950.362360 3383.757418
5951.203413 2952.739273
5949.745637 3142.161270
5948.492593 2900.214807
5947.976099 3331.364739
5947.319607 3089.673939
5946.243445 4340.478169
5945.717756 3279.007883
5946.113023 2847.738374
5944.791710 3037.178904
5943.618088 3468.017316
5943.319984 3226.592127
5941.250391 3415.685196
5942.376293 2984.753716
5940.804769 3174.142723
5939.776555 2932.240029
5939.038437 4135.021880
5939.116580 3363.395300
5938.531512 3121.742845
5937.238206 2879.771119
5936.706792 3310.995531
5935.957284 3069.236020
5934.700952 3499.963066
5934.420530 3258.625316
5933.424688 3016.735195
5932.302032 3447.673071
5931.358148 3928.201413
5931.979661 3206.138149
5931.063866 2964.301211
5930.178557 3395.384660
5929.644307 3153.770541
5928.354697 2911.788568
5927.780868 3342.973603
5927.190470 3101.285380
5925.382299 3290.609177
5925.800745 2859.297776
5924.575549 3048.819770
5923.143884 3720.326178
5923.426594 3479.661417
5923.154514 3238.187035
5922.259217 2996.322020
5921.133747 3427.302848
5920.648539 3185.743186
5919.644998 2943.820686
5918.913343 3375.029002
5918.316088 3133.334543
5916.410173 3322.609335
5916.972139 2891.318303
5915.808753 3080.826788
5914.509471 3511.606988
5914.241620 3270.231035
5913.356803 3028.353572
5912.136458 3459.313571
5911.792276 3217.772705
5910.911178 2975.875952
5909.891602 3406.979074
5909.303163 3165.329505
5908.185765 2923.342158
5907.561741 3354.640285
5907.015703 3112.853127
5905.759181 2870.850915
5905.218489 3302.215447
5904.435604 3060.423004
5903.219949 3491.287671
5902.317363 4261.142070
5902.953053 3249.827247
5902.019018 3007.883277
5900.830394 3438.914597
5900.391493 3197.339414
5899.454755 2955.416631
5899.928041 3485.346166
5898.699477 3386.646276
5898.143283 3144.919407
5896.232450 3334.202616
5896.871924 2902.876837
5895.622260 3092.428132
5894.905397 4055.015121
5893.944870 3281.838790
5893.053594 3039.900532
5891.933805 3470.926681
5891.548041 3229.399098
5890.716179 2987.451102
5889.715304 3418.612000
5889.158383 3176.950814
5888.046982 2934.903573
5886.924860 3847.648732
5887.378339 3366.220511
5886.813528 3124.487240
5885.432083 2882.405935
5884.916264 3313.818524
5884.201046 3071.976537
5882.708551 3261.444799
5881.853823 3019.485375
5880.639719 3450.571257
5880.185779 3208.964080
5878.442115 3398.255513
5879.292031 2966.949209
5878.459702 3639.346865
5877.808471 3156.550311
5876.592513 2914.437856
5876.027033 3345.810583
5875.399121 3104.010811
5873.787420 3293.476746
5872.894380 3051.537953
5871.369792 3241.022155
5869.333682 3430.207875
5870.415829 2998.980564
5868.819922 3188.564773
5867.838347 2946.468032
5867.165973 3377.825649
5866.555749 3136.086829
5865.318716 2893.950622
5864.735107 3325.456051
5864.006842 3083.574975
5862.467483 3273.055958
5861.439562 3031.031763
5859.994792 3220.575671
5859.072373 2978.539708
5858.250954 4181.485749
5858.234293 3409.873304
5857.641886 3168.176077
5856.428920 2925.978971
5855.822650 3357.454863
5855.180426 3115.639559
5853.390421 3305.051227
5852.549668 3063.124469
5850.521660 3974.740886
5851.154461 3252.636237
5850.211075 3010.592114
5848.649230 3200.133578
5847.642258 2958.029721
5846.959813 3389.497675
5846.268883 3147.687447
5844.447737 3337.039484
5845.033142 2905.521170
5843.747612 3095.157606
5842.216785 3766.883673
5842.260275 3284.690118
5841.281627 3042.634051
5839.784083 3232.171594
5838.872888 2990.121937
5837.262268 3179.739126
5836.195795 2937.562385
5835.593661 3369.106332
5834.952817 3127.212926
5833.439346 3558.122069
5833.240554 3316.699950
5832.339993 3074.690948
5830.950736 3264.256798
5829.920014 3022.130969
5828.351475 3211.741256
5827.416402 2969.602748
5826.079191 3159.280115
5824.239189 3348.690719
5824.835335 2917.066771
5823.551444 3106.743550
5821.349064 4307.532846
5821.941314 3296.320789
5820.961945 3054.212119
5819.512255 3243.788245
5818.617273 3001.703055
5817.083628 3191.343524
5815.993088 2949.135909
5814.732994 3138.829764
5813.813345 4101.503252
5812.888504 3328.310340
5812.139963 3086.281921
5810.645783 3275.852929
5809.763711 3033.750212
5808.119732 3223.335407
5807.223063 2981.186475
5805.824157 3894.181225
5805.724899 3170.875670
5804.500956 2928.638765
5803.310268 3118.343996
5801.689708 3307.921332
5800.783339 3065.797686
5799.275132 3255.416065
5798.359752 3013.262551
5797.210806 3685.862802
5796.729411 3202.915593
5795.743468 2960.696715
5794.456827 3150.430858
5791.924680 3097.871843
5790.324504 3287.486956
5789.354551 3045.339088
5788.267182 3476.747362
5787.851496 3234.932198
5786.981733 2992.759392
5785.509261 3182.515504
5784.270218 2940.182626
5783.093091 3129.936431
5780.460644 3077.426799
5779.007425 3267.024565
5778.113659 3024.848888
5777.252693 4227.889167
5776.479067 3214.543087
5775.502485 2972.242706
5774.125650 3162.031034
5771.630084 3109.490479
5769.340715 4021.245631
5769.139840 3056.930142
5767.565997 3246.569968
5766.696594 3004.359787
5765.086039 3194.092695
5764.027297 2951.764924
5762.786366 3141.561561
5761.044991 3813.413882
5760.180809 3089.011145
5758.986127 2846.649032
5757.694510 3036.452414
5756.167372 3226.135116
5755.243952 2983.846618
5753.872625 3173.650088
5752.236861 3604.685177
5751.362855 3121.093360
5748.742757 3068.550663
5746.396664 3015.953583
5744.850840 3205.734049
5743.774842 2963.397117
5743.130988 3395.214658
5742.476464 3153.169168
5740.322283 4353.864902
5739.902354 3100.646420
5737.490683 3048.060713
5734.983106 2995.487413
5732.665899 4147.916083
5733.423534 3185.269996
5731.090705 3132.701726
5728.484014 3080.135914
5726.061537 3027.570984
5724.565376 3940.704979
5723.519416 2974.963688
5722.175981 3164.794574
5719.651557 3112.235134
5717.066053 3059.642898
5716.003101 3732.420950
5714.694328 3007.049611
5710.774644 3144.282663
5707.137069 3523.308436
5708.187065 3091.748472
5705.801591 3039.136779
5703.255604 2986.565436
5699.333628 3123.814888
5697.767366 3313.579555
5696.805111 3071.261841
5696.028339 4274.256380
5694.357894 3018.648119
5687.978651 4067.612308
5687.902123 3103.356001
5685.358615 3050.763682
5682.954457 2998.101951
5679.721702 3859.912486
5677.695633 2892.871982
5676.403232 3082.854373
5674.047922 3030.230244
5670.980823 3651.244470
5665.033317 3062.332517
5662.574473 3009.711267
5661.742313 3441.761537
5653.560525 3041.814181
5651.519158 4194.352185
5652.126334 3231.720190
5643.335131 3987.206932
5642.248074 3021.339689
5634.773651 3778.946228
5625.732168 3569.868320
5616.212395 3360.079476
5614.868412 4320.540933
5606.809846 4114.120921
5606.581609 3149.810363
5598.329064 3906.449425
5596.310581 2939.239523
5589.384597 3697.770054
5580.184913 3488.300300
5570.704569 3278.226467
5570.251878 4240.687654
5561.937349 4033.636054
5560.672890 3067.770031
5553.148208 3825.487330
5550.516532 2857.052190
5544.072346 3616.406751
5534.766163 3406.602566
5533.369822 4366.746227
5525.250303 4160.495662
5524.849823 3196.252959
5516.731872 3952.886511
5514.856670 2985.629844
5507.848995 3744.288466
5498.641396 3534.827329
5488.659688 4286.914460
5488.991966 3324.740293
5480.208893 4080.002385
5479.149779 3114.168787
5471.527813 3871.944527
5468.782589 2903.376475
5462.460755 3662.921648
5452.863542 3453.110586
5443.726344 4206.770500
5443.212807 3242.762701
5435.149925 3999.342962
5433.133117 3032.026325
5426.210251 3790.784403
5416.845945 3581.370186
5407.191474 4333.105149
5407.243461 3371.313502
5398.682201 4126.381271
5397.245464 3160.725514
5389.742598 3918.346602
5387.122893 2949.866814
5380.492101 3709.453701
5371.171531 3499.664695
5362.168991 4253.008568
5361.398702 3289.359900
5353.358616 4045.675974
5351.307165 3078.556892
5344.272004 3837.240100
5340.892763 2867.576337
5334.982963 3627.897244
5325.242674 3417.818139
5316.817041 4172.592373
5315.393652 3207.267641
5307.900185 3964.744110
5305.139080 2996.325166
5298.760460 3755.911567
5289.171145 3546.211227
5280.350707 4299.157826
5279.374403 3335.858861
5271.554008 4091.993841
5269.296728 3125.035135
5262.403429 3883.653193
5259.083307 2914.015336
5252.858270 3674.384749
5243.355031 3464.390339
5235.117831 4218.798881
5233.364855 3253.747198
5226.108255 4011.119621
5223.214990 3042.764867
5216.708179 3802.362339
5207.204317 3592.703106
5198.699548 4345.239218
5197.271842 3382.375864
5189.654403 4138.264682
5187.284238 3171.570520
5180.368857 3929.998776
5176.908294 2960.437105
5170.991292 3720.833559
5161.225580 3510.873720
5153.266333 4264.952983
5151.296699 3300.316640
5144.051245 4057.395627
5141.011915 3089.278831
5134.684412 3848.735577
5130.748893 2878.072751
5124.961151 3639.214442
5115.257388 3428.935747
5107.727417 4184.372444
5105.059156 3218.082900
5098.452960 3976.353817
5094.889284 3006.973485
5088.818041 3767.293749
5079.123819 3557.397747
5071.428211 4310.909502
5069.003208 3346.834820
5062.093115 4103.595166
5058.952478 3135.806462
5052.492650 3895.087529
5048.410730 2924.545885
5042.928025 3685.631147
5032.972511 3475.460667
5025.812250 4230.453734
5022.938752 3264.642920
5016.275742 4022.568068
5012.498174 3053.466816
5006.718249 3813.648213
4996.735422 3603.817647
4989.387272 4356.850071
4986.851027 3393.374771
4980.016897 4149.699818
4976.522721 3182.367072
4970.534691 3941.387516
4966.258811 2971.068485
4960.167146 3733.048238
4950.721700 3521.914068
4943.794045 4276.423983
4940.471452 3311.168893
4934.239141 4068.737786
4930.344465 3099.978184
4924.414712 3859.950736
4919.815618 2888.644006
4914.624294 3650.337397
4904.456801 3439.846164
4898.077191 4195.721452
4894.251874 3228.896195
4888.247991 3987.600767
4883.847828 3017.566155
4878.463639 3778.424631
4868.314753 3568.402719
4861.812238 4322.346126
4858.212297 3357.674854
4852.078727 4114.866974
4847.864268 3146.498799
4842.325680 3906.236833
4837.330199 2935.105353
4832.174906 3696.643300
4822.136866 3486.294329
4815.975959 4241.671415
4811.814223 3275.415473
4806.133960 4033.734580
4801.506477 3064.091665
4796.142672 3824.665856
4791.047182 2852.688819
4786.115739 3614.768545
4779.823890 4368.093097
4775.771053 3404.160199
4770.135964 4160.835031
4765.362578 3193.052096
4760.046067 3952.400346
4755.028121 2981.610238
4749.991121 3742.986667
4739.682092 3532.723860
4733.989806 4287.509371
4729.411549 3321.894316
4723.953156 4079.740450
4719.106327 3110.631480
4713.944958 3870.876346
4708.438247 2899.166032
4703.655824 3661.114455
4693.349204 3450.596150
4687.951548 4206.689829
4682.997550 3239.534152
4677.821251 3998.485529
4672.510704 3028.141633
4667.661734 3789.245007
4657.357992 3579.112276
4651.957142 4333.246816
4647.056337 3368.380117
4641.933296 4125.670667
4636.450764 3157.221495
4631.635518 3917.044948
4626.074236 2945.720432
4621.297941 3707.441561
4611.015831 3497.055311
4605.929709 4252.490275
4600.496788 3286.085068
4595.646872 4044.509686
4590.136310 3074.766336
4585.395843 3835.455444
4579.571304 2863.208069
4575.061996 3625.488900
4564.494262 3414.848796
4559.760875 4171.546422
4554.115161 3203.716025
4549.373274 3963.116595
4543.580815 2992.276702
4539.082584 3753.617640
4528.497025 3543.382135
4523.924631 4298.153289
4518.122573 3332.526983
4513.594876 4090.396699
4507.583207 3121.291558
4503.166905 3881.521886
4496.996199 2909.742084
4492.532520 3671.728828
4482.176240 3461.226738
4477.731128 4217.291669
4471.573939 3250.152908
4467.271348 4009.025961
4461.027864 3038.763546
4456.696542 3799.792831
4446.242207 3589.697227
4442.060991 4343.692185
4435.619024 3378.927859
4431.472233 4136.203363
4425.053775 3167.718788
4420.816565 3927.548306
4414.590967 2956.274168
4410.391775 3717.869085
4399.676929 3507.527330
4395.729282 4262.880664
4389.042099 3296.589276
4385.122786 4054.906309
4378.648281 3085.255507
4374.539443 3845.852912
4367.939831 2873.679869
4363.828374 3635.912808
4353.214619 3425.315854
4349.395559 4181.866526
4342.665254 3214.202334
4338.775213 3973.484660
4331.978195 3002.725645
4328.027760 3764.063341
4317.307972 3553.826334
4313.916748 4308.380835
4306.789819 3342.989920
4303.143056 4100.646135
4296.042095 3131.764455
4292.225331 3891.827402
4285.444170 2920.265324
4281.601249 3682.100203
4270.923516 3471.659523
4267.508720 4227.420803
4260.155341 3260.614943
4256.615410 4019.263718
4249.672445 3049.267785
4245.861154 3810.094323
4235.126958 3600.067941
4232.083251 4353.656086
4224.285041 3389.339821
4221.058880 4146.278069
4213.637217 3178.198853
4210.284152 3937.733178
4203.118364 2966.733300
4199.396387 3728.223731
4188.475301 3517.851932
4185.740777 4272.851502
4177.879666 3306.980381
4174.748268 4064.983312
4167.226675 3095.772436
4163.691885 3856.020860
4156.454791 2884.258819
4152.806560 3646.145071
4142.038482 3435.664266
4139.315730 4191.765121
4131.274018 3224.614109
4128.195832 3983.461820
4120.615889 3013.233210
4117.169377 3774.179883
4106.370948 3564.034355
4104.003978 4318.096469
4095.521738 3353.357257
4092.742534 4110.524186
4084.698321 3142.184718
4083.849986 3332.729998
4081.771669 3901.819574
4074.994797 3364.891374
4074.219693 2930.735573
4072.201285 3312.166129
4070.770268 3692.235467
4063.341440 3344.354517
4059.742765 3481.826434
4060.522092 3291.550741
4057.591633 4237.176778
4054.382077 3376.489808
4051.645382 3323.729489
4048.951961 3270.945091
4046.371744 4029.114098
4042.805443 3355.883122
4039.995524 3303.126481
4038.338015 3059.733853
4037.253456 3250.366700
4035.225626 3820.070894
4033.883572 3388.028663
4031.159404 3335.322646
4028.308554 3282.546804
4027.636505 2848.254679
4025.816478 3229.742037
4024.141770 3610.198288
4022.430818 4363.256561
4022.209356 3367.471843
4019.463817 3314.697001
4016.716017 3261.909601
4014.095013 3209.200046
4013.183338 3399.583266
4011.124669 4155.939557
4010.619699 3346.874669
4007.846833 3294.100743
4005.060917 3241.362013
4001.699814 3379.009505
4002.515232 3188.561382
3999.813983 3947.568490
3998.994326 3326.300046
3996.147871 3273.512379
3992.698065 3411.141670
3993.560484 3220.767133
3991.823415 2977.228299
3990.909132 3167.966735
3990.046301 3358.450109
3988.577591 3738.186863
3987.316882 3305.690933
3984.534981 3252.925679
3981.898919 3200.117813
3981.015038 3390.559830
3979.246729 3147.406324
3977.693197 3527.988000
3978.456079 3337.848493
3975.973459 4282.333117
3975.689297 3285.096776
3972.901032 3232.315456
3972.122130 3422.665333
3970.349409 3179.550167
3969.515565 3370.004918
3967.598915 3126.751808
3966.842468 3317.265520
3964.434090 4074.674467
3964.027353 3264.514610
3960.501591 3402.096324
3961.367459 3211.729452
3957.843427 3349.440123
3958.756359 3158.970974
3955.955000 3106.106454
3955.179834 3296.671120
3953.297179 3865.831343
3952.387690 3243.894979
3951.662240 3434.193951
3948.839434 3381.536256
3949.730433 3191.113413
3947.128881 3138.333582
3946.300106 3328.808078
3944.318376 3085.543872
3945.398406 2894.757382
3943.534714 3276.066919
3942.161004 3656.178608
3940.739359 3223.278456
3939.999781 3413.645338
3938.226066 3170.541613
3937.340307 3360.978306
3935.476313 3117.695984
3934.651520 3308.231420
3932.701566 3064.902450
3931.870640 3255.482548
3931.172886 3445.754475
3929.476726 4201.289428
3929.183609 3202.690933
3928.356230 3393.100511
3926.600138 3149.921850
3925.653217 3340.400504
3923.844611 3097.095257
3923.027486 3287.634396
3921.169950 3044.303051
3920.214601 3234.874642
3919.508586 3425.212957
3918.064889 3993.161247
3916.703870 3372.538828
3917.508702 3182.131220
3914.983464 3129.284907
3914.139159 3319.782400
3912.185609 3076.515096
3911.381798 3267.043900
3910.654547 3457.313086
3909.493870 3023.680270
3907.869751 3404.635783
3908.532163 3214.229557
3906.795532 3784.022876
3906.042270 3161.559968
3905.135355 3351.929566
3903.305499 3108.692841
3902.473067 3299.221584
3900.518687 3055.876056
3899.726240 3246.447961
3899.040790 3436.723029
3898.031396 3003.066360
3897.001920 3193.680820
3895.622491 3574.071282
3896.197571 3384.079718
3894.551653 4327.432947
3894.362346 3140.891119
3893.437193 3331.366829
3891.670516 3088.096025
3890.877948 3278.625415
3890.182461 3468.851401
3888.989453 3035.279906
3888.066263 3225.817736
3887.385045 3416.195224
3886.384276 2982.462266
3884.516452 3363.480303
3885.321249 3173.118899
3882.975717 4119.998203
3882.802217 3120.273767
3881.958509 3310.781832
3880.018270 3067.494996
3879.233297 3258.027543
3878.506630 3448.270652
3877.304792 3014.670234
3875.719178 3395.607118
3876.398370 3205.269068
3874.845510 2961.848068
3873.892300 3152.534699
3872.966718 3342.879086
3871.530423 3911.509189
3871.150543 3099.696179
3869.558433 3480.382293
3870.314045 3290.200710
3867.561888 3237.426098
3868.354636 3046.852956
3866.914254 3427.711151
3865.863484 2994.057940
3864.874047 3184.710321
3864.067994 3375.020595
3863.220761 2941.248484
3862.220960 3131.873744
3861.275800 3322.317560
3860.146815 3702.062990
3859.515883 3079.084477
3858.747241 3269.602699
3858.056384 3459.788584
3856.832599 3026.267994
3855.947322 3216.805224
3855.263727 3407.197703
3854.261559 2973.504664
3852.385051 3354.441960
3853.202759 3164.095839
3851.573959 2920.605337
3849.860234 3301.787948
3850.656575 3111.282565
3849.106066 3491.877546
3847.972051 4246.422088
3847.913266 3058.484677
3847.123843 3248.981372
3846.379525 3439.254774
3845.174100 3005.655893
3843.603362 3386.583260
3844.291359 3196.274853
3842.685014 2952.839447
3841.745031 3143.457798
3840.864885 3333.864299
3839.958306 2899.964915
3839.072634 3090.697651
3838.199544 3281.180000
3837.393247 3471.321110
3836.299725 4038.626260
3835.448945 3228.387735
3836.239526 3037.853468
3834.801729 3418.696368
3833.723176 2985.065648
3832.744333 3175.699798
3831.967448 3365.977344
3831.077957 2932.215544
3830.069829 3122.849395
3829.200100 3313.329385
3828.505273 3503.408242
3827.404460 3070.037831
3828.300072 2879.402456
3826.620132 3260.590410
3825.915478 3450.763368
3824.976341 3829.762803
3824.658634 3017.249329
3823.832921 3207.807484
3823.168387 3398.119868
3822.073095 2964.455775
3821.041274 3154.988361
3820.302054 3345.422403
3819.415877 2911.615239
3817.710356 3292.749850
3818.513065 3102.280000
3816.945744 3482.835036
3816.757881 2858.798488
3815.778560 3049.440211
3815.001880 3239.947627
3813.665673 3620.072261
3814.242831 3430.209711
3813.132153 4372.275935
3813.017867 2996.633571
3811.490175 3377.532677
3812.161862 3187.228115
3809.561259 3134.444575
3810.543929 2943.841411
3808.743470 3324.852604
3808.076403 3514.920195
3807.815315 2890.996034
3806.943579 3081.672841
3806.062660 3272.122547
3805.261134 3462.271830
3804.120961 3028.820635
3803.354073 3219.414435
3801.496019 4165.228022
3802.665727 3409.679493
3800.542394 3166.599603
3801.574831 2976.067002
3799.865824 3356.956316
3798.953604 2923.232539
3797.946193 3113.857741
3796.396043 3494.373938
3797.069839 3304.259536
3796.163066 2870.388547
3795.274438 3061.032222
3793.782073 3441.737396
3794.497690 3251.551592
3792.512779 3008.242841
3791.712488 3198.813651
3791.052351 3389.077420
3789.865529 3957.050920
3789.953321 2955.438463
3788.922453 3146.001326
3787.642439 3526.457131
3788.181026 3336.396375
3787.291270 2902.625206
3786.405269 3093.288875
3784.843939 3473.817074
3785.600518 3283.691319
3783.668785 3040.448994
3782.903815 3230.958000
3782.147478 3421.233613
3780.920861 2987.642328
3780.056755 3178.173667
3779.365386 3368.516407
3778.484518 3747.847959
3777.441549 3125.496453
3778.421085 2934.817957
3776.577179 3315.819843
3776.020091 3505.883940
3775.725608 2882.024684
3774.806032 3072.661815
3773.927116 3263.084364
3773.186160 3453.249478
3772.022040 3019.807776
3770.560270 3400.643303
3771.243518 3210.384682
3768.440696 3157.591804
3769.436345 2967.028583
3767.750168 3347.953191
3766.744147 4291.438751
3767.275723 3537.935833
3766.860982 2914.234701
3765.836269 3104.867088
3764.351742 3485.326353
3764.952115 3295.219018
3763.181313 3052.036715
3761.736469 3432.739273
3762.366087 3242.510993
3760.428673 2999.265737
3759.628556 3189.764709
3758.977174 3380.063690
3757.844855 2946.448483
3756.849890 3136.992370
3755.609836 3517.388294
3756.095816 3327.368577
3754.992877 4083.920792
3755.222803 2893.644181
3754.299962 3084.250183
3752.809163 3464.773351
3753.449702 3274.673369
3751.563850 3031.474035
3750.087528 3412.167597
3750.778198 3221.933012
3748.819427 2978.627905
3747.979161 3169.152893
3746.869564 3549.416687
3747.286622 3359.509976
3746.346085 2925.853812
3744.480225 3306.792544
3745.358082 3116.446163
3743.375642 3875.333607
3743.975563 3496.780862
3742.728932 3063.639257
3741.153955 3444.227485
3741.810040 3254.036154
3739.947557 3010.839734
3739.151239 3201.362836
3738.511599 3391.613752
3736.351472 3148.585376
3737.349075 2958.035138
3735.671408 3338.931954
3735.217510 3528.861716
3733.719068 3095.805814
3734.761127 2905.268080
3732.874114 3286.215611
3731.892784 3665.884942
3732.309428 3476.266535
3731.117509 3043.045301
3729.672807 3423.675332
3730.295818 3233.526497
3728.322720 2990.241588
3726.912172 3371.022573
3727.512790 3180.726823
3726.349222 3560.870321
3725.728449 2937.477980
3724.719389 3127.969110
3723.516429 3508.323091
3724.042301 3318.357423
3722.220737 3075.205343
3720.712269 3455.702030
3721.363766 3265.676338
3720.114453 4210.360009
3719.482550 3022.432998
3718.009729 3403.078895
3718.695067 3212.948046
3716.718832 2969.637338
3715.874685 3160.111543
3714.753171 3540.373037
3715.268121 3350.474066
3714.244499 2916.844043
3712.451051 3297.815977
3713.214853 3107.400900
3711.891715 3487.750773
3709.709935 3245.074030
3710.617997 3054.618759
3708.299465 4002.451765
3709.050257 3435.150097
3707.879787 3001.838595
3707.076211 3192.301626
3705.943558 3572.383493
3706.449854 3382.540025
3705.246616 2949.033658
3703.662366 3329.901429
3704.240724 3139.580647
3703.111709 3519.816096
3700.806933 3277.161170
3701.578462 3086.777568
3700.193419 3467.210576
3699.019880 3033.996829
3698.231841 3224.519127
3696.796557 3793.554244
3697.547396 3414.603083
3696.253276 2981.231599
3694.878119 3361.953875
3695.423148 3171.718595
3694.284361 3551.848905
3692.644123 3118.959340
3693.641630 2928.472468
3691.434917 3499.266485
3692.007907 3309.290718
3690.125502 3066.197828
3688.577709 3446.684342
3689.318005 3256.613960
3686.617980 3203.891668
3687.409314 3013.435517
3685.538375 4336.243080
3685.921930 3394.048954
3685.379723 3583.829855
3684.624753 2960.609814
3683.806798 3151.138814
3683.218250 3341.425429
3682.708325 3531.348348
3680.378766 3288.689005
3681.119945 3098.373267
3679.818781 3478.736274
3677.689734 3236.009917
3678.515178 3045.631874
3676.976902 3426.111605
3675.793595 2992.805064
3675.032903 3183.280988
3673.689211 4129.107265
3673.940845 3563.331854
3674.372025 3373.516661
3673.163819 2940.028193
3671.576594 3320.800628
3672.212957 3130.564713
3671.091013 3510.760637
3669.488156 3077.782427
3668.761344 3268.082160
3668.170523 3458.195528
3666.956620 3025.044205
3665.497933 3405.603181
3666.236935 3215.469015
3665.055162 3595.286448
3664.169429 2972.211563
3662.782774 3352.933756
3663.421995 3162.728619
3661.863613 3920.861886
3662.281803 3542.785504
3660.598723 3109.927796
3659.435776 3490.224619
3659.923582 3300.217193
3658.044904 3057.185801
3656.593732 3437.658868
3657.279566 3247.582093
3655.334548 3004.425595
3653.862930 3385.028259
3654.590557 3194.836932
3653.387784 3574.774165
3652.567872 2951.641231
3651.818022 3142.117729
3650.727847 3522.224395
3651.129616 3332.371593
3650.391101 3711.671279
3648.282975 3279.657990
3649.125014 3089.366188
3647.837133 3469.678304
3645.609001 3226.978150
3646.445603 3036.628392
3644.550420 3606.747505
3644.951106 3417.075814
3643.724469 2983.834932
3643.004895 3174.251355
3641.943552 3554.270556
3642.305399 3364.463873
3640.183217 3121.528652
3639.095759 4255.262712
3639.117075 3501.695012
3639.491868 3311.769728
3636.659730 3259.097508
3637.471467 3068.772623
3636.172375 3449.132227
3634.929054 3016.024656
3634.123506 3206.372765
3633.020082 3586.236069
3633.467291 3396.557084
3632.132173 2963.255849
3630.724565 3343.907836
3631.377043 3153.697781
3630.272009 3533.709235
3628.578400 3100.888849
3627.423996 3481.145125
3627.860919 3291.199351
3627.104660 4047.751087
3626.048062 3048.175386
3624.587643 3428.585429
3625.152638 3238.542851
3624.174393 3618.201368
3623.332164 2995.455273
3621.845798 3375.966485
3622.494106 3185.794008
3621.343335 3565.733514
3619.748953 3133.063788
3618.683778 3513.178075
3619.118061 3323.340149
3616.254225 3270.657064
3617.068830 3080.318376
3615.384836 3839.100870
3615.812128 3460.617307
3614.466260 3027.624765
3612.522237 3597.692329
3612.938618 3407.996631
3613.516343 3217.909568
3611.734827 2974.825923
3610.935233 3165.231246
3609.887359 3545.203706
3610.335442 3355.450987
3608.128211 3112.460867
3607.066491 3492.640993
3607.494745 3302.745161
3606.483306 2869.333832
3604.625948 3250.057949
3605.441968 3059.733479
3603.820312 3629.694288
3604.132817 3440.032007
3602.939637 3007.000152
3601.454366 3387.494314
3602.071675 3197.372331
3600.989965 3577.190503
3598.758223 3334.840200
3599.283187 3144.588883
3598.189924 3524.645451
3595.868725 3282.155275
3596.510625 3091.851089
3595.389118 3472.103548
3594.042492 3039.192129
3592.423439 4174.140555
3592.528807 3419.496574
3593.145291 3229.512020
3592.182532 3609.171589
3591.332953 2986.382806
3589.836979 3366.928576
3590.435672 3176.796004
3589.295554 3556.669448
3587.708316 3124.048622
3586.646741 3504.133590
3587.126820 3314.269647
3584.260879 3261.610307
3585.030430 3071.330803
3583.786564 3451.549933
3582.406803 3018.580788
3580.462681 3966.216344
3580.535655 3588.652396
3580.913821 3398.962133
3581.531228 3208.889148
3578.914791 3156.219381
3577.863056 3536.128733
3578.317698 3346.375645
3575.504656 3293.678737
3576.088566 3103.466981
3575.063230 3483.638794
3572.680605 3241.020896
3573.372282 3050.745350
3572.127749 3430.973383
3570.871994 2997.990490
3570.087442 3188.350723
3568.868919 3757.319840
3569.016988 3568.097999
3569.429716 3378.431376
3567.319428 3135.638704
3566.218144 3515.641183
3566.708351 3325.775908
3563.396997 3463.048594
3563.866325 3273.142834
3564.488781 3082.885913
3561.990478 3030.183562
3560.523779 3410.494748
3561.182727 3220.435797
3558.189668 4299.989240
3557.793027 3357.857637
3558.506544 3167.797448
3557.345305 3547.587364
3555.711655 3115.022636
3554.663936 3495.099661
3555.092422 3305.174471
3552.266742 3252.569304
3553.004392 3062.333184
3551.785544 3442.516959
3549.535798 3199.844904
3550.362781 3009.597216
3548.906561 3389.908586
3546.947749 3147.186628
3546.048522 4092.852672
3545.921281 3527.074641
3546.289188 3337.315313
3544.117771 3094.464487
3543.068549 3474.563263
3543.464543 3284.650946
3540.640307 3231.931925
3541.384679 3041.738688
3540.134892 3421.939683
3538.112125 3179.319129
3537.423117 3369.424578
3534.702646 3316.721764
3535.340732 3126.598720
3534.084992 3884.572998
3534.262658 3506.565845
3532.540371 3073.873084
3531.423079 3453.975607
3531.862323 3264.071656
3530.018883 3021.183471
3528.552168 3401.434247
3529.152799 3211.424526
3525.785799 3348.820220
3526.525427 3158.737167
3523.748884 3105.988960
3524.525892 2915.696612
3523.094700 3296.180774
3522.471643 3675.403186
3522.722960 3486.015200
3521.080030 3053.340833
3519.844420 3433.439791
3520.228438 3243.499985
3517.519888 3190.846691
3516.954466 3380.870558
3514.965157 3138.125278
3514.326362 3328.228187
3511.622018 4218.940324
3511.484718 3275.621813
3512.147275 3085.434407
3511.108971 3465.456502
3508.619958 3222.921166
3509.470323 3032.730701
3508.189412 3412.879567
3505.539874 3360.297689
3506.118069 3170.278425
3502.757288 3307.701003
3503.350053 3117.543426
3500.574564 3064.884743
3499.454226 4011.426363
3499.442136 3444.910518
3499.885815 3255.045096
3496.636719 3392.369098
3497.142119 3202.413201
3493.893847 3339.774111
3494.562519 3149.739053
3491.774958 3096.972357
3491.149100 3287.143499
3489.121998 3044.285630
3487.594682 3802.770660
3487.870636 3424.410073
3488.271482 3234.480411
3485.560660 3181.851458
3485.018024 3371.753729
3482.972952 3129.141348
3482.385039 3319.192106
3480.165382 3076.447994
3479.574989 3266.567653
3477.402360 4344.535568
3476.685444 3213.891938
3475.985414 3593.372746
3476.209268 3403.816791
3473.550774 3351.284259
3474.120741 3161.278757
3470.850857 3298.664833
3471.370847 3108.575312
3468.555658 3055.836337
3467.966545 3245.957823
3465.097150 4137.779262
3464.636752 3383.284331
3465.230661 3193.390624
3461.928127 3330.696422
3462.559076 3140.704401
3459.774930 3087.994225
3459.209346 3278.080247
3456.359675 3225.425381
3453.668645 3172.786569
3452.896310 3929.838717
3453.019020 3362.743927
3451.012856 3120.103815
3450.407555 3310.162691
3447.619944 3257.506887
3448.192433 3067.446783
3444.806812 3204.876873
3443.005168 2962.044091
3441.587924 3342.217396
3442.225705 3152.213221
3441.163684 3720.939135
3438.867506 3289.638447
3439.433787 3099.556836
3436.009831 3236.926131
3433.333514 3184.350562
3431.035659 4263.609134
3429.645340 3511.350288
3429.971804 3321.667038
3430.694986 3131.653630
3427.838316 3078.978766
3427.233755 3269.034261
3424.426480 3216.416778
3421.748293 3163.747210
3418.626634 4056.465278
3419.124723 3111.087991
3418.460905 3301.127910
3415.644369 3248.458465
3412.866554 3195.839852
3410.290977 3143.190615
3407.556644 3090.546624
3406.619119 3848.147610
3406.916333 3280.585951
3404.061450 3227.904072
3401.397254 3175.286020
3398.765968 3122.702735
3396.809934 2879.796711
3394.859976 3639.031174
3395.306114 3259.978498
3392.504577 3207.376429
3389.825383 3154.738471
3387.159943 3102.061517
3384.339812 4182.538224
3383.755255 3239.471325
3383.385594 3429.160842
3380.924197 3186.797117
3378.374948 3134.195609
3372.067564 3974.972672
3372.141852 3218.900526
3369.487478 3166.257173
3366.852372 3113.650302
3360.622157 3198.351718
3361.467601 3008.306506
3360.073417 3766.412321
3357.960410 3145.726354
3350.594580 4308.066755
3348.391681 3557.032258
3349.054814 3177.764632
3346.476227 3125.196754
3337.961462 4101.342050
3337.693090 3157.255522
3337.090287 3347.034122
3325.663599 3893.406765
3326.136138 3136.690250
3315.412937 2926.075756
3313.821028 3684.584075
3303.995500 4227.107155
3302.240823 3474.982016
3291.489575 4019.935552
3291.011182 3264.894618
3280.062308 3054.473351
3279.321611 3811.730107
3270.406077 4352.338690
3267.481344 3602.647016
3257.567602 4145.992064
3256.009957 3392.861657
3245.014682 3938.457200
3244.801899 3182.775103
3234.228882 2972.372837
3232.975034 3729.954170
3223.856242 4271.511518
3221.161943 3520.673963
3211.134117 4064.719091
3209.964979 3310.807101
3198.817119 3856.887090
3199.049065 3100.619890
3188.226644 2890.233746
3186.805801 3648.123091
3177.450825 4190.481394
3175.171481 3438.685641
3164.664213 3983.380200
3163.867184 3228.746689
3152.374322 3775.190306
3153.067200 3018.499499
3144.003753 4315.628239
3140.492881 3566.183758
3131.071672 4109.320985
3129.028859 3356.667341
3118.468735 3901.868768
3118.008289 3146.666260
3107.300470 2936.455606
3106.291232 3693.463263
3097.657086 4234.753616
3094.521476 3484.309131
3084.586831 4028.059309
3083.135292 3274.634910
3072.141421 3820.282556
3072.113166 3064.600686
3064.388745 4359.598060
3061.560993 2854.456792
3060.066561 3611.621864
3051.244631 4153.727700
3048.412558 3402.328111
3038.442774 3946.673763
3037.161134 3192.591379
3026.551330 2982.583860
3026.102045 3738.618826
3018.091555 4278.832895
3014.102682 3529.805288
3004.832680 4072.574131
3002.657075 3320.421158
2992.138370 3865.192590
2991.538600 3110.603846
2980.785142 2900.633260
2979.912984 3656.918012
2971.730490 4197.934875
2968.085249 3447.865864
2958.712458 3991.296684
2956.683292 3238.466326
2946.167685 3783.643193
2945.990095 3028.654643
7367.487908 4109.994359
7327.858334 4032.778425
7291.979788 4156.303082
7288.381511 3955.401817
7255.668565 4279.643054
7252.637245 4079.361560
7248.775529 3877.742996
7216.500978 4202.991293
7213.049714 4001.983084
7208.670124 3799.636093
7179.995056 4326.340865
7177.205404 4126.020853
7173.068772 3924.264612
7168.174735 3721.148330
7140.689091 4249.780528
7137.414698 4048.660482
7132.778690 3846.098833
7127.382458 3642.422279
7104.070708 4373.073780
7101.032760 4172.799233
7097.242688 3970.887281
7092.114087 3767.677423
7086.101896 3563.338585
7064.569005 4296.523097
7061.084951 4095.322828
7056.548808 3892.750970
7051.149571 3688.859264
7044.389401 3483.963954
7024.716681 4219.505456
7020.729345 4017.561823
7015.650202 3814.146366
7009.712022 3609.711690
7002.632158 3404.285366
6987.991129 4343.258803
6984.399971 4142.045558
6979.955290 3939.283012
6974.388045 3735.307814
6967.746327 3530.210500
6960.227778 3324.379131
6947.971457 4266.204479
6943.865578 4064.188471
6938.884336 3860.767415
6932.544234 3656.069154
6925.508443 3450.528310
6917.690941 3244.238089
6907.459299 4188.798451
6902.949692 3985.942783
6897.174426 3781.806037
6890.739950 3576.598148
6883.190790 3370.584555
6874.951712 3163.928131
6870.846376 4312.987335
6866.628191 4110.891391
6861.289351 3907.286149
6855.266856 3702.572713
6848.210078 3496.790289
6840.320437 3290.337100
6831.674888 3083.411265
6830.059219 4235.510222
6825.297562 4032.610910
6819.631870 3828.283341
6812.929553 3622.974118
6805.529396 3416.794483
6797.284668 3209.915071
6793.144527 4359.729511
6788.810121 4157.584596
6788.200045 3002.729351
6783.659576 3953.902859
6777.527457 3748.996208
6770.535514 3543.116049
6762.745416 3336.557576
6754.190187 3129.336204
6752.146182 4282.187780
6747.374264 4079.219701
6744.574573 2921.850540
6741.602051 3874.904032
6735.122380 3669.467291
6727.651127 3463.054125
6719.448624 3256.054158
6710.969406 4204.215054
6710.537334 3048.593380
6705.589015 4000.574699
6699.372188 3795.597623
6692.266853 3589.615041
6684.456703 3382.773837
6675.943573 3175.359757
6674.092215 4328.870193
6669.052539 4125.878477
6666.749226 2967.680609
6663.359678 3921.504917
6656.698543 3715.926768
6649.330438 3509.435465
6641.168670 3302.235617
6632.391519 4250.906468
6632.214214 3094.541892
6627.102629 4047.126720
6622.751926 2886.597187
6620.834783 3842.108686
6613.851027 3635.999418
6606.107565 3429.044765
6597.458704 3221.545856
6595.545334 4375.552991
6590.662868 4172.568392
6588.254889 3013.540746
6584.645030 3968.081328
6578.178007 3762.478280
6570.785968 3555.869780
6562.660095 3348.530117
6553.829521 4297.595209
6553.805236 3140.653447
6548.258415 4093.783935
6544.130501 2932.407398
6542.061113 3888.734379
6535.125761 3682.522262
6527.305298 3475.474224
6518.923893 3267.764407
6511.645142 4219.134067
6509.579967 3059.577470
6505.871399 4014.731387
6499.160204 3809.037763
6499.830122 2851.122969
6491.716174 3602.324301
6483.606967 3394.855184
6474.921333 4344.116212
6474.922159 3186.824282
6469.158585 4140.412346
6465.427495 2978.396267
6462.991621 3935.305591
6455.906770 3729.066535
6448.099850 3521.903285
6439.739131 3314.040276
6432.443516 4265.777551
6430.742760 3105.716181
6426.629403 4061.317397
6420.794050 2896.992413
6419.839476 3855.673220
6412.348981 3648.844636
6404.268336 3441.251666
6395.616477 3232.995028
6389.929796 4187.005111
6386.318351 3024.402659
6384.483190 3212.755888
6383.605958 3981.928379
6376.397536 3775.651712
6375.765039 3244.622455
6373.363369 3192.441813
6368.712223 3568.341645
6364.563556 3224.292012
6362.418483 3172.117928
6360.258589 3360.403503
6355.865886 3256.138539
6353.630914 3204.000730
6353.071652 4312.333938
6351.296270 3151.855615
6347.064715 4107.929790
6344.757405 3235.873015
6342.572227 3183.745341
6341.562638 2942.981731
6340.224373 3902.193204
6340.117742 3131.564038
6335.981797 3267.761941
6333.688522 3215.633008
6332.807671 3695.361524
6331.400397 3163.434179
6329.029788 3111.218918
6324.723810 3487.665868
6324.826957 3247.425016
6322.733815 3195.326684
6320.209204 3143.099957
6317.902453 3090.873870
6316.050679 3279.335304
6313.919999 3227.183642
6311.519603 3174.991885
6310.382166 4233.646408
6309.038283 3122.786319
6306.810323 3070.572556
6304.998598 3259.030107
6303.946275 4028.541531
6302.828238 3206.889700
6300.290566 3154.700566
6298.086937 3102.458129
6296.780617 3822.205309
6296.129269 3290.942243
6296.784971 2861.501883
6295.577397 3050.179431
6293.900638 3238.781099
6291.585861 3186.579648
6289.048043 3614.875227
6289.232150 3134.345794
6286.917592 3082.065602
6284.954951 3270.658150
6284.316043 3029.833958
6282.838714 3218.467003
6280.564867 3406.796227
6280.331436 3166.214906
6278.089800 3113.967567
6276.152671 3302.544498
6275.646787 3061.753902
6273.485735 4358.895793
6274.003029 3250.349203
6273.257629 3009.494920
6271.633514 3198.102108
6269.165113 3145.883664
6267.315045 4154.565271
6266.959274 3093.660400
6265.058381 3282.220483
6264.389760 3041.392125
6262.868793 3230.026101
6262.052833 2989.057693
6260.438375 3948.817848
6260.358980 3177.797782
6258.193097 3125.564182
6256.169959 3314.104098
6255.702656 3073.288266
6253.903184 3261.914071
6253.172853 3020.972977
6252.940358 3741.925285
6251.609873 3209.715809
6250.902312 2968.725178
6249.283337 3157.461858
6247.016160 3105.169553
6244.891209 3534.098113
6245.004852 3293.810101
6244.421082 3052.923070
6242.862091 3241.637307
6242.164985 3000.616294
6240.384026 3189.364154
6239.596178 2948.303362
6238.126219 3137.086530
6236.187308 3325.714040
6235.714799 3084.846881
6234.030785 3273.508090
6233.321358 3032.555758
6231.664081 3221.309400
6230.549089 4280.126848
6230.933035 2980.219030
6229.181064 3168.991847
6228.262926 2927.887455
6227.015856 3116.744848
6225.111234 3305.395110
6224.461997 3064.515360
6223.979127 4075.105128
6222.907615 3253.180342
6222.115604 3012.127305
6220.394338 3200.940718
6219.592662 2959.832642
6218.196993 3148.678568
6217.109400 2907.529051
6216.803142 3868.780612
6216.207250 3337.318697
6215.746630 3096.400254
6213.990199 3285.037658
6213.204256 3044.070446
6211.659344 3232.866037
6210.927593 2991.789592
6209.056179 3661.442276
6209.323131 3180.631537
6208.285735 2939.446796
6207.048682 3128.308483
6205.867662 2887.093246
6205.033619 3316.987678
6204.433838 3076.023862
6202.903106 3264.776724
6202.192073 3023.708986
6200.552694 3453.178137
6200.414369 3212.542678
6199.641862 2971.435529
6198.157747 3160.232657
6197.032804 2919.025670
6196.171004 3348.933054
6195.775865 3107.957285
6194.674415 2866.706454
6194.067418 3296.699393
6193.346040 3055.677318
6191.689269 3244.454310
6190.959659 3003.319617
6189.230769 3192.148504
6188.305037 2950.983348
6187.325705 4201.060476
6187.023768 3139.870586
6185.961931 2898.686157
6185.079584 3328.624385
6184.505735 3087.613208
6183.310931 2846.286615
6182.896284 3276.358313
6182.135223 3035.262459
6180.367561 3995.387359
6180.429009 3224.094390
6179.635564 2982.940086
6178.231649 3171.839613
6177.121170 2930.584125
6176.136560 3360.520384
6175.784977 3119.547824
6174.682240 2878.209346
6173.930750 3308.253805
6173.221217 3067.206503
6172.861710 3788.543890
6171.656134 3256.018912
6170.951708 3014.867185
6169.344687 3203.786215
6168.320431 2962.527949
6167.031385 3151.481066
6165.849770 2910.144558
6164.765707 3580.709002
6164.948543 3340.144625
6164.450970 3099.127056
6163.310256 2857.798846
6162.849268 3287.945978
6162.163114 3046.797931
6160.425511 3235.746131
6159.656963 2994.511790
6158.150463 3183.413768
6157.002696 2942.093124
6156.088953 3372.110140
6155.722000 3131.087055
6154.639105 2889.763616
6153.960327 3319.876567
6153.312322 3078.782425
6151.609655 3267.680486
6150.521704 4326.679799
6150.965576 3026.423787
6149.169382 3215.372618
6148.310681 2974.028684
6146.975436 3163.047840
6145.970040 2921.722169
6144.972764 3351.800606
6144.426039 3110.749807
6143.861510 4121.706644
6143.319072 2869.302457
6142.794526 3299.595718
6142.076866 3058.349069
6140.310645 3247.330587
6139.625659 3006.005714
6138.140633 3195.001036
6136.631520 3915.346781
6136.045311 3383.736800
6137.120767 2953.658298
6135.685080 3142.720231
6134.679414 2901.266312
6133.793246 3331.510846
6133.172491 3090.332132
6131.525428 3279.241505
6131.993353 2848.882137
6130.896464 3037.979199
6129.218757 3226.950340
6128.812845 3707.983617
6128.276729 2985.597724
6126.920613 3174.664966
6125.842775 2933.200760
6124.820288 3363.439980
6124.364294 3122.285374
6123.325591 2880.814165
6122.718241 3311.169660
6122.104570 3069.933430
6120.364266 3499.722583
6120.270331 3258.899608
6119.588165 3017.602804
6118.004893 3206.615729
6116.979464 2965.149928
6116.002270 3395.363832
6115.590154 3154.236376
6114.648463 2912.799326
6113.807742 3343.104515
6113.216329 3101.893568
6111.437347 3290.844665
6111.984638 2860.382155
6110.855995 3049.585041
6109.003234 3238.542571
6108.221358 2997.124409
6107.153547 4247.588505
6106.834799 3186.198127
6105.887129 2944.729440
6104.809719 3375.030981
6104.302236 3133.846744
6103.303771 2892.352328
6102.597983 3322.799907
6101.970434 3081.495812
6100.117424 4041.927341
6100.161476 3270.499443
6099.480487 3029.094681
6097.970669 3218.157724
6096.987598 2976.710632
6095.905203 3406.953980
6095.533194 3165.824011
6094.551940 2924.353947
6093.575299 3354.751297
6092.546722 3835.055555
6093.031505 3113.468369
6091.365559 3302.454562
6091.942732 2871.896129
6090.759552 3061.048644
6088.999100 3250.116121
6088.134418 3008.710004
6086.744342 3197.807880
6085.631432 2956.267288
6084.402693 3627.225085
6084.618765 3386.654825
6084.221721 3145.439207
6083.224670 2903.899012
6082.519728 3334.420904
6081.956131 3093.041435
6080.101100 3282.057767
6080.536067 2851.464781
6079.401869 3040.681100
6077.779883 3229.782969
6076.817474 2988.230825
6075.776144 3418.589821
6075.417567 3177.422310
6074.472630 2935.893521
6073.561735 3366.342184
6073.011942 3125.013533
6071.295149 3314.022218
6071.870521 2883.475158
6070.282680 4373.100035
6070.678104 3072.656908
6068.835215 3261.729614
6068.060426 3020.212483
6066.641891 3209.434022
6065.662076 2967.846552
6064.504040 3398.235808
6064.121740 3156.994625
6063.523513 4168.189158
6062.371214 3346.001401
6063.173962 2915.470538
6061.716947 3104.652494
6060.434587 2862.968297
6060.000213 3293.686385
6059.306610 3052.216959
6057.767522 3241.388931
6056.193974 3961.917237
6056.817823 2999.831397
6055.650421 3430.180160
6055.348079 3189.004196
6053.283035 3377.935084
6054.374727 2947.450055
6052.826961 3136.650568
6051.170623 3325.670999
6051.771292 2894.982926
6050.546251 3084.231075
6048.276370 3754.535094
6048.787051 3273.323282
6048.017431 3031.835157
6046.509640 3220.979320
6045.460508 2979.423668
6044.347460 3409.862314
6044.033687 3168.630439
6043.088635 2926.996834
6042.247867 3357.646134
6041.718175 3116.228539
6040.362731 2874.547696
6039.953516 3546.232996
6039.887152 3305.283028
6039.243025 3063.824350
6037.492441 3252.955197
6036.663149 3011.411799
6035.500875 3441.850803
6035.243614 3200.635308
6034.351532 2959.001735
6033.242805 3389.595804
6032.772064 3148.208134
6031.693172 2906.540456
6031.036773 3337.275977
6030.445642 3095.858151
6028.567196 3284.909002
6029.011587 2854.047620
6027.915945 3043.415104
6026.802148 4294.057228
6026.416686 3232.626027
6025.457976 2990.951937
6024.258187 3421.534384
6023.945832 3180.210283
6023.003846 2938.582952
6022.066302 3369.239077
6021.475668 3127.828634
6020.259594 2886.033485
6019.701244 4088.514499
6019.721310 3316.893488
6019.136404 3075.431563
6017.428832 3264.600045
6016.554202 3022.971530
6015.407363 3453.491816
6015.152551 3212.200976
6014.146936 2970.558852
6013.047376 3401.155472
6012.600355 3159.801494
6012.053622 3881.624553
6011.579346 2918.059028
6010.912290 3348.901049
6010.342787 3107.457671
6008.429779 3296.555852
6009.001359 2865.621740
6007.792501 3054.982675
6006.199440 3244.197702
6005.217235 3002.560120
6004.137677 3433.114752
6003.892973 3673.803323
6003.792640 3191.805733
6002.880344 2950.061802
6002.012900 3380.854127
6001.425327 3139.454642
6000.168068 2897.617388
5999.612312 3328.541482
5999.040740 3086.992759
5997.170855 3276.186127
5996.394101 3034.558010
5995.243014 3465.058438
5994.984714 3223.830688
5994.052916 2982.081457
5992.988833 3412.789418
5992.408405 3171.385878
5991.467225 2929.640205
5990.790589 3360.559790
5990.130163 3118.999198
5988.813091 2877.118662
5988.280020 3308.137246
5987.642979 3066.573106
5986.100567 3255.856733
5985.148225 3014.079654
5983.998080 3444.751619
5983.610416 3203.427096
5983.061234 4214.730857
5982.737274 2961.679935
5981.731885 3392.470908
5981.102067 3150.979291
5979.432535 3340.126173
5980.061471 2909.115275
5978.882591 3098.600903
5977.590114 2856.726533
5977.104199 3287.830836
5976.237177 3046.060935
5975.664772 4008.529380
5975.096361 3476.710965
5974.824877 3235.460332
5973.793628 2993.679784
5972.706662 3424.393445
5972.252178 3182.978020
5971.314372 2941.202147
5970.586850 3372.123595
5970.006965 3130.618170
5968.136702 3319.765425
5968.693335 2888.703281
5967.736875 3801.100372
5967.466664 3078.089742
5965.844512 3267.478951
5964.887653 3025.637150
5963.815813 3456.392900
5963.464123 3215.006934
5962.546597 2973.217578
5961.603275 3404.060689
5961.052971 3162.590682
5959.253628 3592.809840
5959.294695 3351.779348
5959.943285 2920.724459
5958.698409 3110.119150
5957.299463 2868.227032
5956.848011 3299.399315
5956.082150 3057.671358
5954.886252 3488.349615
5954.646607 3247.034196
5953.744747 3005.195116
5952.527694 3436.021560
5952.126328 3194.614144
5950.358903 3383.781429
5951.197982 2952.761533
5949.742001 3142.167550
5948.482218 2900.224716
5947.979014 3331.388103
5947.309031 3089.698247
5946.235662 4340.501779
5945.718297 3279.019658
5946.114919 2847.783712
5944.786928 3037.189118
5943.617047 3468.026799
5943.313048 3226.621802
5941.240264 3415.709912
5942.370908 2984.774993
5940.807109 3174.152172
5939.776372 2932.253102
5939.036903 4135.034024
5939.113308 3363.419570
5938.523417 3121.763357
5937.229275 2879.791070
5936.704175 3311.005578
5935.956037 3069.250522
5934.705123 3499.974423
5934.416246 3258.650648
5933.410009 3016.751807
5932.297175 3447.696172
5931.346118 3928.210961
5931.980226 3206.149279
5931.060061 2964.319647
5930.170377 3395.408901
5929.642373 7436.792390
6010.358991 5219.720458
6006.340371 5023.192108
6001.525009 4824.111359
5995.960548 4622.734435
5989.771804 4419.544672
5972.112648 5339.605410
5968.363707 5144.658291
5963.931449 4946.886190
5958.717271 4746.717279
5952.627795 4544.488048
5946.220368 4340.497650
5930.473430 5265.142538
5926.258494 5068.897438
5921.250616 4870.022621
5915.472317 4668.903408
5909.065858 4465.868750
5892.321717 5384.729535
5888.310052 5190.080477
5883.632372 4992.684833
5878.199781 4792.763075
5872.057896 4590.711503
5865.400762 4386.886416
5850.488428 5310.386476
5846.036523 5114.486789
5840.718322 4915.902837
5834.945389 4714.989907
5828.347744 4512.072168
5821.318240 4307.550695
5812.313150 5429.667628
5808.121866 5235.475150
5803.276252 5038.323135
5797.536314 4838.674079
5791.360430 4636.837932
5784.443978 4433.178904
5770.363210 5355.428915
5765.549236 5159.924749
5760.167095 4961.636161
5754.250268 4760.954232
5747.495526 4558.267999
5740.305224 4353.877934
5732.328441 5474.437348
5727.947011 5280.659927
5722.843732 5083.808549
5716.832142 4884.433466
5710.556662 4682.881793
5703.479437 4479.418929
5690.179377 5400.296197
5685.132156 5205.144960
5679.583921 5007.179237
5673.286837 4806.845634
5666.579620 4604.366696
5659.278807 4400.154849
5652.266262 5518.985005
5647.595412 5325.612903
5642.205074 5129.207550
5636.075526 4930.106591
5629.439527 4728.785869
5622.379499 4525.524599
5614.883521 4320.561546
5609.987013 5444.968326
5604.591190 5250.263088
5598.876697 5052.709876
5592.324142 4852.579894
5585.451624 4650.317055
5578.048915 4446.347507
5572.098741 5563.331915
5567.197673 5370.402085
5561.515437 5174.399372
5555.258078 4975.650179
5548.336764 4774.608367
5541.110032 4571.554406
5533.351995 4366.759079
5529.646968 5489.472698
5524.044295 5295.172679
5518.093843 5097.949565
5511.363505 4898.148400
5504.162841 4696.196157
5496.642883 4492.422526
5491.997350 5607.420725
5486.803744 5414.963721
5480.732712 5219.402293
5474.349964 5021.039547
5467.297741 4820.279874
5459.858376 4617.473961
5451.973088 4412.898187
5449.228724 5533.720842
5443.535970 5339.888133
5437.074316 5143.094035
5430.279116 4943.642558
5423.087246 4741.963841
5415.298637 4538.405934
5411.830791 5651.290301
5406.185050 5459.380748
5407.177195 4333.115655
5399.989698 5264.219435
5393.266340 5066.279878
5386.160219 4865.831046
5378.555651 4663.287592
5370.509529 4458.924911
5368.898364 5577.752729
5362.928947 5384.429044
5356.205801 5188.060425
5349.125062 4988.954981
5341.633811 4787.590053
5333.781013 4584.274459
5331.632550 5694.944797
5325.649270 5503.547446
5325.468382 4379.219027
5319.287546 5308.891223
5312.209452 5111.326315
5304.842151 4911.218312
5297.103745 4708.991860
5288.479201 5621.535634
5288.876802 4504.874914
5282.242944 5428.731106
5280.330265 4299.166486
5275.337857 5232.807379
5268.045393 5034.098809
5260.270813 4833.067801
5252.207253 4630.023416
5251.448637 5738.259750
5245.094838 5547.483429
5243.826560 4425.228239
5238.479708 5353.336587
5231.245223 5156.178865
5223.626231 4956.494184
5215.573870 4754.586665
5208.213504 5665.097283
5207.301687 4550.691273
5201.594963 5472.826741
5198.712808 4345.253592
5194.482574 5277.379861
5186.921179 5079.099142
5179.005452 4878.415188
5170.753980 4675.655044
5164.654690 5591.127715
5162.162758 4471.146008
5157.680493 5397.608511
5150.271487 5200.893737
5142.377335 5001.610700
5134.186891 4799.975452
5127.947462 5708.292338
5125.556313 4596.467319
5120.952242 5516.669990
5116.754781 4391.196553
5113.592291 5321.736858
5105.856952 5123.911666
5097.618359 4923.602067
5094.698919 5104.612962
5089.094394 4721.209815
5085.365397 5135.101153
5084.207379 5634.573280
5083.450694 5085.237712
5080.298372 4516.899821
5076.867098 5441.537948
5074.352143 5115.785224
5072.215114 5065.875705
5071.419424 4310.919215
5069.124766 5245.363638
5065.162997 5146.270941
5063.158977 5096.447197
5061.019772 5046.484313
5054.028182 5126.962882
5052.552389 4845.256258
5051.953956 5077.075201
5049.949845 5027.045759
5047.753253 5751.273861
5044.845952 5157.417846
5043.902741 4642.023615
5042.897555 5107.624505
5040.259952 5560.233554
5040.737547 5057.690047
5038.755294 5007.624781
5034.988913 4437.038809
5033.790268 5138.110400
5032.673649 5365.882410
5031.657598 5088.239646
5029.501973 5038.236876
5027.445308 4988.105918
5024.571720 5168.554327
5022.594188 5118.789467
5020.361615 5068.873826
5018.413226 5018.817164
5016.179129 4968.644302
5013.351998 5149.271189
5011.322872 5099.431009
5009.218179 5049.478347
5007.527251 4766.568813
5007.160641 4999.361743
5004.265477 5179.658702
5004.937776 4949.111139
5003.938694 5677.752953
5002.302956 5129.928249
5000.108880 5080.023241
4998.716811 4562.584182
4998.054603 5030.006629
4996.168784 5485.326223
4995.893347 4979.843863
4993.157220 5160.388607
4993.806334 4929.536972
4991.115356 5110.595444
4988.878854 5060.643316
4989.373702 4356.860270
4988.142702 5289.654916
4986.876439 5010.552069
4984.061073 5190.728912
4984.608160 4960.361331
4982.514209 4909.962803
4982.000588 5141.091361
4979.849560 5091.222561
4977.776105 5041.223515
4975.552127 4991.069351
4973.323382 4940.796200
4972.845606 5171.508436
4971.217078 4890.405481
4970.865796 5121.732153
4968.565117 5071.844426
4966.544164 5021.768053
4964.219004 4971.573720
4963.811461 5201.817413
4961.761404 5152.197200
4962.175177 4921.242678
4962.332751 4687.513669
4959.900324 5603.606105
4959.571498 5102.362079
4959.922285 4870.766254
4957.330544 5052.412967
4955.239961 5002.269699
4952.530773 5182.630048
4953.034346 4952.001123
4953.148887 4482.740907
4951.883444 5409.825947
4950.528461 5132.873317
4950.907924 4901.639018
4948.264129 5082.994480
4948.530097 4851.110346
4946.254755 5032.943814
4943.508023 5212.948829
4943.965443 4982.764132
4941.284625 5163.336860
4941.737602 4932.461628
4939.246840 5113.532171
4939.533521 4882.010978
4937.293906 4831.451147
4937.112229 5063.578835
4934.993146 5013.458450
4932.231044 5193.703507
4932.602737 4963.231677
4930.496663 4912.873034
4930.218935 5143.996350
4928.181974 4862.392452
4928.005768 5094.122285
4925.849211 5044.101085
4926.018515 4811.713273
4923.631662 5720.654427
4923.246883 5224.011380
4923.617415 4993.949727
4921.404817 4943.670405
4921.095887 5174.449187
4919.202362 4893.276931
4919.010624 5124.630342
4916.672109 5074.721220
4916.877908 4842.687374
4916.835341 4608.080217
4915.599693 5528.813180
4914.621760 5024.664944
4914.743245 4792.000511
4912.269535 4974.436773
4911.998543 5204.786235
4909.866613 5155.099158
4910.138299 4924.068251
4907.288777 5333.762866
4907.710897 5105.263454
4907.881703 4873.632832
4907.512519 4402.716718
4905.524414 5055.293541
4905.667627 4823.012965
4903.304976 5005.165091
4903.373188 4772.318862
4903.069736 5235.071490
4900.771161 5185.524524
4900.993417 4954.853215
4898.700954 5135.770555
4898.905722 4904.518247
4896.371334 5085.872628
4896.488656 4853.963820
4894.257436 5035.833263
4894.301371 4803.340383
4891.777776 5215.834596
4891.999043 4985.640584
4891.994010 4752.547538
4889.644372 5166.188202
4889.847402 4935.284799
4887.359606 5116.396138
4887.527428 4884.879412
4885.080646 5066.454883
4885.163459 4834.298681
4882.841144 5246.109785
4882.999905 5016.363156
4883.021576 4783.575798
4880.493005 5196.607280
4880.648495 4966.068980
4880.597845 4732.764598
4879.439404 5646.660201
4878.370351 5146.869975
4878.497901 4915.734242
4876.074560 5096.997320
4876.151187 4865.226213
4873.947168 5046.985480
4873.994979 4814.562064
4871.168507 5453.487230
4871.549809 5226.884701
4871.624334 4996.868927
4871.636814 4763.855324
4871.340516 4528.374085
4869.216115 5177.291538
4869.308458 4946.533326
4869.237013 4712.981630
4867.112903 5127.500839
4867.180870 4896.097708
4864.830490 5077.594877
4864.849833 4845.563099
4862.558952 5257.163180
4862.678597 5027.546548
4862.600738 4794.880596
4861.827927 4322.363490
4860.227523 5207.647984
4860.273916 4977.307147
4860.208211 4744.071825
4858.158056 5157.953733
4858.190200 4926.944661
4858.031437 4693.170902
4855.849511 5108.094213
4855.829082 4876.464891
4853.490283 5058.111616
4853.427215 4825.863443
4851.281721 5237.920568
4851.322406 5008.024734
4851.227197 4775.148723
4849.048429 5188.352480
4849.050781 4957.713732
4848.912374 4724.281852
4846.913647 5138.617058
4846.881333 4907.355491
4846.645923 4673.326904
4844.473479 5088.713842
4844.393279 4856.818246
4843.417753 5763.210999
4842.282750 5268.185141
4842.326711 5038.663684
4842.214097 4806.131689
4840.038913 5218.677375
4839.998413 4988.497496
4839.855494 4755.397209
4837.832942 5169.025247
4837.702298 4938.165671
4837.462447 4704.461096
4835.106347 5572.064609
4835.561435 5119.221693
4835.430735 4887.718213
4835.202064 4653.497575
4833.267081 5069.270312
4833.132894 4837.116325
4831.081221 5248.958989
4831.088460 5019.194673
4830.880116 4786.427738
4828.748322 5199.398982
4828.624482 4968.931418
4828.374929 4735.609415
4826.484998 5377.569414
4826.596503 5149.712806
4826.468190 4918.580384
4826.214573 4684.628798
4825.721637 4448.412345
4824.248542 5099.816593
4824.076495 4868.038412
4822.032412 5279.169576
4822.041344 5049.793703
4821.794835 4817.396008
4819.787596 5229.714112
4819.716908 4999.672350
4819.425419 4766.670476
4817.577908 5180.089528
4817.381118 4949.380273
4817.117690 4715.755180
4815.283170 5130.325503
4815.149902 4898.927461
4814.817878 4664.779049
4812.955270 5080.390537
4812.712434 4848.378011
4810.848229 5259.970834
4810.799670 5030.330733
4810.459126 4797.706511
4808.438537 5210.436891
4808.314614 4980.079111
4808.049923 4746.883354
4806.296848 5160.801765
4806.115220 4929.755178
4805.642937 4695.938196
4803.990336 5110.924112
4803.775018 4879.271717
4801.868444 5290.105300
4801.777740 5060.933903
4801.391199 4828.677409
4799.144853 5689.434266
4799.494278 5240.722815
4799.414683 5010.821397
4799.108652 4777.904273
4797.149104 5191.157642
4797.040792 4960.565279
4796.547587 4727.078905
4795.032627 5141.441304
4794.790773 4910.157299
4794.368893 4676.090406
4792.672983 5091.520121
4792.327628 4859.633409
4790.483665 5496.884328
4790.556515 5270.963568
4790.411205 5041.467416
4790.080770 4808.891456
4789.478556 4573.822673
4788.157183 5221.478827
4788.025432 4991.254121
4787.672754 4758.139819
4786.043755 5171.819338
4785.796282 4940.961361
4785.276148 4707.268153
4783.694936 5122.024892
4783.395554 4890.469236
4781.438379 5301.090339
4781.300433 5072.042932
4780.980896 4839.881830
4779.234575 5251.734972
4779.836005 4368.105816
4779.112394 5021.931674
4778.783360 4789.182992
4776.965425 5202.166272
4776.696615 4971.710725
4776.192355 4738.372826
4774.772588 5152.499018
4774.411833 4921.352307
4773.888372 4687.444775
4772.268686 5102.630872
4772.028430 4870.809894
4770.301044 5281.951680
4770.108221 5052.585254
4769.734208 4820.148972
4767.961622 5232.489045
4767.749292 5002.396983
4767.317410 4769.429826
4765.634421 5182.862537
4765.286982 4952.084997
4764.830203 4718.537884
4763.358964 5133.085655
4763.080801 4901.668743
4761.273478 5312.069636
4761.044928 5083.175160
4760.627312 4851.111674
4759.051291 5262.753020
4758.810666 5033.078736
4758.330930 4800.462836
4756.625280 5213.209328
4756.288858 4982.838712
4755.912532 4749.607856
4754.680499 5615.021397
4754.408911 5163.530968
4754.086160 4932.503338
4753.505531 4698.731433
4752.020173 5113.676924
4751.668305 4881.996513
4750.059234 5292.926224
4749.691089 5063.696418
4749.192825 4831.427797
4747.729571 5243.504737
4747.356187 5013.568633
4746.990271 4780.679710
4745.741705 5421.129371
4745.417747 5193.905835
4745.017273 4963.253398
4744.432431 4729.819657
4743.756540 4493.936782
4743.118438 5144.146675
4742.747326 4912.893335
4741.000849 5323.039649
4740.674117 5094.232459
4740.186005 4862.350126
4738.856135 5273.752608
4738.418561 5044.219326
4737.976695 4811.673302
4736.339962 5224.214422
4735.992610 4993.977978
4735.527181 4760.887858
4734.106380 5174.566402
4733.633223 4943.707583
4733.043773 4709.981849
4731.758927 5124.760255
4731.257747 4893.198150
4729.879603 5303.879516
4729.409055 5074.806783
4728.888898 4842.632488
4727.484905 5254.492605
4727.090946 5024.732004
4726.570429 4791.934204
4725.060736 5204.945428
4724.622539 4974.423110
4724.086091 4741.071603
4722.863804 5155.191315
4722.372646 4924.057226
4720.858584 5333.975711
4720.318048 5105.341362
4719.906017 4873.562416
4719.023719 5731.892934
4718.607953 5284.726559
4718.079005 5055.339857
4717.432474 4822.925707
4716.137502 5235.220432
4715.700586 5005.150083
4715.128117 4772.131932
4713.912712 5185.612512
4713.330637 4954.863869
4712.682136 4721.267640
4711.454665 5135.805644
4711.006550 4904.413036
4709.903506 5540.044093
4709.550282 5314.826442
4709.048631 5085.883170
4708.420289 4853.850966
4707.242191 5265.462758
4707.823602 4619.191182
4706.826908 5035.848804
4706.146703 4803.204046
4704.897319 5215.933422
4704.285226 4985.607440
4703.720659 4752.344433
4702.570215 5166.234444
4701.970246 4935.253939
4700.575828 5344.893387
4700.103531 5116.393063
4699.534752 4884.774877
4698.332789 5295.646946
4697.878387 5066.430179
4697.971723 4413.717517
4695.955408 5246.192830
4697.101492 4834.121979
4695.401413 5016.249463
4694.774000 4783.426221
4693.544920 5196.633166
4692.930604 4966.022966
4692.212835 4732.531505
4691.214266 5146.874291
4690.643412 4915.590032
4689.348567 5325.753929
4688.808799 5096.961540
4688.112110 4865.063284
4687.065825 5276.426299
4686.481522 5046.934349
4685.714692 4814.412760
4684.563603 5226.910464
4684.026129 4996.703967
4683.287133 4763.616677
4682.317601 5177.271976
4681.683336 4946.417230
4680.324240 5355.780610
4679.892803 5127.489945
4679.246038 4895.929729
4678.073268 5306.579926
4677.411112 5077.519560
4676.714277 4845.327227
4675.714300 5257.155916
4675.100411 5027.416915
4674.277886 5657.721990
4674.345640 4794.656817
4673.332141 5207.630138
4672.597376 4977.155046
4671.864323 4743.789273
4670.999945 5157.885474
4670.297374 4926.750269
4669.053418 5336.665114
4668.461712 5108.024762
4667.818207 4876.243946
4666.849248 5287.364199
4666.219115 5058.023583
4665.351332 4825.624412
4664.992300 5464.474969
4664.299728 5237.891478
4663.696751 5007.831414
4662.980976 4774.842658
4662.025412 5188.265594
4661.195014 4957.562508
4662.030226 4539.332108
4660.156332 5366.650381
4659.641832 5138.516894
4658.925700 4907.120034
4657.945221 5317.485459
4657.204884 5088.580451
4656.338025 4856.531986
4655.420829 5268.107461
4654.860406 5038.512005
4653.964496 4805.837453
4653.001330 5218.611417
4652.241494 4988.259034
4651.466592 4755.041331
4651.965924 4333.261877
4650.762044 5168.925737
4649.967251 4937.912218
4648.927663 5347.563325
4648.213446 5119.087783
4647.436611 4887.457992
4646.617138 5298.273247
4645.847272 5069.071913
4644.962580 4836.774829
4644.087351 5248.852901
4643.389716 5018.934427
4642.582939 4786.062384
4641.822617 5199.268170
4640.021872 5377.526087
4640.939519 4968.703357
4639.332857 5149.564927
4638.532691 4918.265673
4637.593115 5328.389575
4636.871432 5099.654484
4635.217872 5279.046029
4636.039116 4867.698860
4634.484521 5049.607342
4633.624690 4817.044088
4632.793632 5229.603651
4631.978767 4999.361960
4630.419915 5179.919402
4631.145444 4766.279452
4629.341288 5582.924508
4629.441892 4949.058948
4628.712961 5358.389938
4627.960827 5130.125076
4626.386402 5309.181650
4627.114099 4898.601608
4625.573815 5080.142158
4626.156307 4664.354991
4624.568094 4847.980689
4623.910468 5259.797763
4623.127878 5030.009659
4621.396009 5210.244285
4622.182892 4797.296026
4620.528002 4979.812930
4619.877491 5388.358994
4619.083296 5160.556408
4617.475930 5339.273924
4618.171257 4929.411481
4616.561314 5110.702874
4615.080736 5289.962665
4615.657018 4878.905535
4616.043286 4459.192063
4614.146430 5060.672610
4612.471961 5240.552278
4613.106178 4828.247708
4611.670476 5010.478422
4610.802894 4777.499879
4610.166318 5190.916785
4608.469450 5369.264645
4609.191650 4960.164275
4607.719094 5141.141149
4606.809672 4909.757817
4606.171701 5320.092816
4605.135783 5091.202650
4603.704058 5270.746730
4604.155934 4859.172340
4602.825974 5041.121648
4601.186762 5221.234857
4601.834934 4808.532146
4600.205858 4990.916879
4598.865447 5171.568017
4597.144023 5350.166464
4597.799784 4940.540185
4596.227132 5121.710812
4595.300802 4890.058613
4594.148424 5700.055500
4594.868375 5300.895573
4593.912480 5071.713533
4592.266478 5251.462723
4592.772950 4839.453156
4591.344850 5021.584701
4590.325362 4788.733343
4589.903528 5201.889790
4588.831951 4971.323078
4587.395748 5152.127416
4586.414754 4920.886042
4585.995768 5330.992092
4584.304029 5507.553563
4584.935641 5102.227889
4583.456070 5281.689231
4583.879758 4870.370979
4582.500905 5052.193218
4581.267430 4819.715102
4580.972575 5232.161778
4580.202951 4584.608613
4579.949141 5001.993590
4578.606834 5182.548702
4577.477527 4951.682381
4576.016472 5132.716038
4574.618764 5311.807231
4575.033628 4901.198858
4573.498087 5082.780855
4572.085846 5262.388331
4572.345994 4850.646743
4571.085450 5032.651116
4569.719152 5212.857566
4570.013867 4799.926454
4570.098147 4378.807003
4568.496721 4982.427459
4567.190587 5163.128599
4566.075597 4932.004421
4564.594589 5113.250807
4563.242971 5292.583010
4563.526736 4881.548748
4562.192571 5063.272412
4560.778530 5243.096387
4560.996382 4830.895141
4559.658514 5013.078449
4558.301141 5193.499929
4557.076991 4962.793031
4555.800693 5143.715877
4554.696375 4912.337689
4553.259953 5093.785732
4551.913780 5273.313172
4552.056975 4861.781334
4550.843639 5043.729668
4549.042893 5625.452926
4549.326620 5223.813210
4549.476841 4811.118059
4548.172032 4993.529553
4546.964801 5174.096530
4545.782804 4943.149361
4544.294424 5124.267538
4544.379439 4709.374340
4543.208246 4892.672824
4541.896833 5074.297225
4540.460431 5254.015816
4540.551396 4842.032004
4539.249701 5431.640830
4539.337199 5024.145886
4538.092822 5204.465749
4536.786514 4973.905046
4535.493996 5154.733712
4534.289636 4923.490552
4534.269854 4504.589625
4532.938596 5104.812401
4531.722418 4872.926112
4530.516601 5054.801683
4529.176436 5234.750466
4529.162514 4822.281875
4527.946462 5004.595851
4526.725409 5185.059740
4525.297231 4954.266862
4524.071430 5135.271006
4523.935623 4298.167101
4522.913618 4903.792966
4521.630655 5085.330023
4520.226203 4853.193095
4519.106841 5035.228530
4517.805776 5215.423956
4516.427074 4984.991739
4515.275225 5165.703714
4514.091860 5742.101650
4514.028972 4934.634295
4512.715157 5115.825400
4511.405676 4884.086907
4510.212194 5065.812666
4508.783661 4833.457179
4507.630906 5015.660986
4506.444373 5196.019567
4504.015804 5550.290302
4505.043846 4965.375320
4503.882509 5146.279013
4502.560101 4914.934626
4501.207132 5096.339567
4499.935514 4864.351538
4498.845283 5046.264760
4498.600022 4629.732647
4496.127955 4996.033172
4495.075093 5176.642971
4493.905854 5355.199051
4493.555335 4945.719713
4492.385951 5126.826919
4491.087148 4895.237287
4490.000763 5076.838768
4488.399423 4844.617205
4488.114950 4424.249394
4487.313786 5026.722862
4484.681572 4976.449259
4483.663556 5157.226590
4482.201274 4926.005983
4481.067023 5107.342894
4479.616171 4875.517868
4478.526411 5057.303696
4475.898267 5007.098702
4473.285775 4956.802710
4472.194606 5137.809871
4470.796863 4906.351840
4468.916837 5667.748328
4469.624440 5087.853648
4468.098206 4855.742654
4467.086272 5037.738378
4464.336103 4987.494558
4463.015141 4754.199505
4461.866864 4937.106514
4460.777554 5118.311135
4459.246947 4886.666142
4458.779363 5474.560965
4458.253869 5068.305434
4455.592321 5018.152475
4452.943233 4967.823428
4452.425905 4549.788403
4450.424629 4917.454323
4449.405908 5098.827527
4448.231997 5278.290988
4447.793850 4866.876635
4446.860291 5048.754777
4444.099986 4998.547568
4441.561130 4948.185858
4442.059229 4343.708717
4438.996770 4897.760927
4437.962379 5079.301375
4435.300071 5029.202021
4432.668835 4978.909008
4430.094451 4928.546390
4427.439638 4878.000439
4426.537461 5059.780127
4423.776849 5592.792026
4423.900154 5009.613953
4421.145804 4959.251302
4418.703892 4908.853056
4416.932110 4674.679923
4415.102023 5040.213329
4413.161256 5398.303136
4412.348950 4989.958855
4409.892238 4939.637221
4407.185915 4889.145922
4406.374931 4469.601155
4403.616363 5020.700000
4402.815454 5200.941343
4400.970940 4970.329118
4398.323033 4919.935197
4392.095490 5001.015499
4388.926144 5709.684924
4389.401150 4950.693053
4386.905912 4900.226704
4381.420322 4798.902355
4380.620373 4981.385992
4378.408238 5517.203826
4378.093272 4930.990462
4370.897569 4594.814165
4369.165519 4961.740605
4367.687977 5321.592836
4366.551817 4911.319682
4360.088237 4389.067208
4357.644253 4942.058860
4356.877730 5123.181001
4346.224131 4922.371119
4343.699603 5634.888249
4335.480638 4719.460542
4332.720603 5441.156705
4324.585414 4514.709504
4322.017652 5244.393821
4313.925481 4308.399069
4311.113277 5045.024466
4309.066163 5751.258896
4300.122327 4843.372909
4298.227660 5559.617802
4289.300036 4639.730009
4287.167331 5364.665234
4278.385385 4434.346497
4276.073403 5166.820582
4265.066623 4966.522212
4263.797052 5676.733598
4254.067491 4764.044628
4252.444832 5483.788129
4243.106728 4559.674274
4241.329469 5287.681441
4232.077470 4353.679484
4230.133491 5088.791945
4219.039143 4887.643135
4218.215253 5601.630090
4207.875636 4684.413618
4206.875759 5407.402475
4196.717992 4479.402367
4195.404283 5210.176768
4184.044383 5718.185639
4184.089078 5010.436136
4172.414997 5525.981709
4172.756840 4808.419402
4161.655272 4604.516771
4160.939047 5330.597611
4149.299539 5132.379091
4150.418956 4398.890784
4138.465051 5643.330233
4138.076233 4931.697058
4126.738115 5449.865556
4126.640568 4728.934138
4114.980866 5253.284100
4115.270487 4524.342972
4104.593534 5759.330692
4103.257443 5054.067402
4104.005235 4318.103353
4092.534407 5567.930206
4091.739238 4852.647640
4080.654329 5373.204398
4080.203368 4649.130839
4068.813285 5175.625363
4068.792925 4443.867046
4058.961181 5684.722284
4057.188619 4975.602576
4046.833283 5491.976861
4045.351998 4773.190673
4034.743534 5296.101807
4034.007499 4569.054606
4022.778636 5097.585737
4022.416145 4363.264346
4012.927824 5609.487332
4010.915189 4896.565263
4000.595099 5415.550465
3999.097775 4693.573622
3988.380640 5218.638752
3987.467904 4488.761164
3979.652987 5725.679407
3976.325123 5019.063932
3967.064176 5533.785789
3964.364569 4817.349815
3954.653724 5338.689686
3952.667217 4613.620598
3942.273085 5140.774753
3940.894943 4408.185363
3933.660716 5650.735099
3930.149139 4940.329933
3920.950424 5457.581908
3918.125506 4737.792553
3908.250898 5261.327723
3906.277291 4533.419395
3900.573009 5766.243497
3895.940232 5062.460454
3894.550862 4327.448606
3887.626324 5575.207338
3883.708049 4861.221209
3874.810121 5380.887036
3871.654849 4657.953484
3862.077705 5183.591319
3859.698501 4452.954762
3854.717141 5691.576765
3849.691162 4983.810605
3841.386279 5499.239242
3837.185053 4781.808751
3828.425564 5303.785656
3825.166087 4577.884542
3815.755422 5105.528167
3813.114791 4372.282701
3808.344730 5616.298928
3803.165941 4904.845364
3795.171256 5422.794722
3790.901781 4702.090206
3782.119864 5226.167750
3778.746557 4497.550297
3769.274719 5027.012745
3766.765651 4291.457469
3762.231794 5540.558092
3756.628250 4825.591194
3748.800480 5345.862259
3744.217735 4622.136808
3735.787098 5148.253845
3732.060990 4416.977477
3722.979515 4948.183100
3715.878248 5464.291181
3710.217742 4746.025350
3702.462532 5268.524198
3697.886119 4541.941757
3689.264801 5069.963242
3685.531758 4336.247942
3676.223346 4869.072475
3669.392081 5387.641567
3663.740700 4666.149601
3655.989462 5190.766729
3651.227957 4461.507685
3642.891690 4991.326716
3629.852501 4789.722684
3623.111020 5310.481930
3617.164152 4586.078390
3609.546537 5112.687030
3604.609356 4380.867045
3596.190939 4912.386561
3583.306956 4710.020543
3576.444689 5232.906125
3570.680971 4505.829206
3563.051608 5034.151426
3558.177122 4299.995542
3549.624487 4833.155666
3536.741085 4630.038192
3530.102194 5155.009343
3523.977437 4425.291405
3516.334829 4955.398265
3503.200335 4753.641435
3490.219737 4549.892497
3483.464308 5076.776617
3477.373406 4344.553878
3469.872574 4876.279363
3456.534772 4673.774246
3443.573433 4469.506984
3436.856707 4998.076793
3423.265013 4796.927838
3410.066138 4593.774710
3396.960658 4388.890150
3390.337616 4919.180135
3376.696629 4717.257983
3363.422451 4513.497948
3350.604645 4308.071582
3343.685878 4839.962340
3330.144817 4637.332023
3316.821005 4432.952226
3297.089639 4760.467401
3283.545933 4557.239606
3270.394116 4352.351274
3250.588844 4680.719604
3236.923862 4476.874737
3203.980859 4600.788083
3190.534298 4396.361776
3157.304472 4520.545752
3144.003393 4315.647393
3111.016113 4440.127967
3064.356622 4359.614196
7219.328604 4402.846798
7179.993160 4326.346785
7143.248180 4449.265756
7106.399719 4571.874453
7104.059160 4373.075761
7067.047938 4495.989434
7064.557399 4296.540258
7029.662685 4618.443158
7027.739625 4419.872198
6992.300569 4740.604844
6990.583883 4542.802666
6987.989589 4343.258803
6952.959649 4665.122122
6951.040503 4466.693734
6915.180629 4786.986408
6913.645032 4589
(3508, 7)
.515905
6911.064192 4390.022926
6875.947622 4711.843421
6873.925137 4513.394105
6870.857560 4312.994870
6837.996348 4833.600595
6836.253774 4636.153928
6833.818226 4436.845551
6798.630062 4758.490354
6796.272252 4560.045215
6793.129198 4359.749210
6760.440276 4880.032781
6758.836567 4682.877266
6755.978668 4483.529469
6720.893427 4804.997975
6718.690152 4606.809644
6715.219284 4406.400537
6682.868650 4926.558107
6680.845800 4729.495964
6677.974581 4530.116935
6674.083926 4328.885019
6642.978137 4851.517347
6640.271016 4653.356909
6636.868211 4453.050159
6604.653337 4972.943608
6602.775791 4775.976704
6599.622346 4576.825310
6595.543814 4375.572410
6564.524890 4897.932505
6562.089101 4699.928401
6558.380865 4499.723329
6553.844043 4297.616806
6526.466576 5019.178666
6524.094764 4822.431055
6520.915482 4623.319662
6516.708259 4422.084911
6486.127527 4944.250552
6483.270459 4746.358927
6479.477577 4546.251919
6474.926219 4344.117628
6447.835323 5065.355247
6445.289816 4868.802462
6442.104746 4669.817809
6437.674207 4468.742237
6407.276016 4990.517645
6404.239799 4792.786462
6400.319628 4592.778575
6395.521411 4390.773747
6369.020591 5111.397508
6366.420514 4915.040679
6362.916542 4716.205493
6358.364877 4515.210428
6353.062462 4312.336879
6328.198567 5036.641794
6325.060426 4839.035665
6321.013674 4639.163315
6316.064965 4437.216362
6290.101348 5157.301643
6287.179086 4961.177841
6283.453464 4762.598136
6278.981194 4561.698940
6273.474467 4358.906765
6249.085768 5082.614865
6245.701605 4885.256628
6241.425488 4685.558209
6236.255014 4483.750034
6210.872780 5203.099041
6207.773892 5007.248248
6203.898156 4808.821460
6199.087641 4608.080015
6193.603331 4405.377152
6169.756529 5128.446808
6166.055842 4931.388719
6161.752295 4731.797718
6156.299114 4530.114824
6150.517955 4326.700734
6131.402097 5248.797873
6128.126377 5053.128579
6124.011627 4854.959140
6119.168022 4654.376838
6113.485293 4451.837173
6090.106534 5174.126877
6086.315951 4977.320646
6081.784711 4777.955323
6076.180094 4576.535281
6070.263865 4373.099115
6051.895353 5294.239881
6048.290011 5098.964709
6044.034254 4900.965313
6039.049805 4700.625963
6033.106136 4498.177670
6026.813269 4294.060469
6010.353041 5219.737858
6006.334884 5023.189290
6001.523835 4824.109770
5995.963411 4622.752223
5989.776746 4419.562265
5972.109724 5339.620855
5968.357216 5144.675937
5963.934847 4946.898624
5958.723284 4746.738483
5952.630103 4544.501386
5946.215856 4340.515525
5930.469539 5265.138620
